0 0.4448203146457672 0.530011773109436 0.027921855449676514 0.07678407430648804
0 0.6042499542236328 0.5581220388412476 0.03525000810623169 0.1293897032737732
0 0.4285937547683716 0.5155398845672607 0.009062498807907104 0.04685446619987488
5 0.5338984727859497 0.5687558650970459 0.028765618801116943 0.049718260765075684
5 0.19962500035762787 0.9243192672729492 0.2462500035762787 0.15136152505874634
0 0.4781249761581421 0.5504695177078247 0.08437499403953552 0.12441316246986389
0 0.4906249940395355 0.5375586748123169 0.021874964237213135 0.07042253017425537
0 0.624218761920929 0.6115023493766785 0.07656252384185791 0.22300469875335693
0 0.7289062738418579 0.6056337952613831 0.10781246423721313 0.23943662643432617
1 0.8453124761581421 0.5774648189544678 0.24375003576278687 0.1267605423927307
