1 0.3265104293823242 0.5015624761581421 0.22197917103767395 0.13749998807907104
1 0.183531254529953 0.5081640481948853 0.11256249248981476 0.08957812190055847
1 0.03437500074505806 0.520437479019165 0.06279166787862778 0.12787503004074097
1 0.7715520858764648 0.4770234227180481 0.043354153633117676 0.019984394311904907
1 0.7378333210945129 0.47499218583106995 0.029833316802978516 0.016609370708465576
0 0.9366146326065063 0.4856562614440918 0.01847916841506958 0.050249963998794556
1 0.09802083671092987 0.5161172151565552 0.15454167127609253 0.11101561784744263
1 0.7152812480926514 0.4693281054496765 0.02127087116241455 0.012312501668930054
1 0.7940833568572998 0.46399998664855957 0.020500004291534424 0.012812525033950806
1 0.7604166865348816 0.4664062261581421 0.016666650772094727 0.014062494039535522
1 0.7218749523162842 0.46562498807907104 0.018750011920928955 0.012500017881393433
1 0.7302083373069763 0.4624999761581421 0.014583349227905273 0.009375005960464478
1 0.7354166507720947 0.4593749940395355 0.016666650772094727 0.012499988079071045
1 0.7468750476837158 0.4593749940395355 0.010416686534881592 0.012499988079071045
