0 0.2583906054496765 0.6715586185455322 0.048031240701675415 0.08491629362106323
0 0.6103593707084656 0.6656694412231445 0.020468711853027344 0.07422596216201782
0 0.13190624117851257 0.6464434862136841 0.01381249725818634 0.053682029247283936
0 0.47114062309265137 0.6353556513786316 0.012312501668930054 0.011297106742858887
5 0.04554687440395355 0.874748945236206 0.09090624749660492 0.2505021095275879
0 0.03506249934434891 0.6689748764038086 0.01081249862909317 0.043849408626556396
0 0.19880469143390656 0.6417363882064819 0.00939062237739563 0.029330551624298096
5 0.5770156383514404 0.6847175359725952 0.03787499666213989 0.05127614736557007
1 0.5453125238418579 0.8604079484939575 0.809374988079071 0.2749999761581421
2 0.925976574420929 0.7228661179542542 0.14610934257507324 0.30029284954071045
1 0.14411719143390656 0.75736403465271 0.2882343828678131 0.16895395517349243
1 0.47917187213897705 0.6758159399032593 0.09950003027915955 0.07020920515060425
1 0.38014060258865356 0.6597803235054016 0.053437501192092896 0.057552337646484375
1 0.34440624713897705 0.6570711135864258 0.04728126525878906 0.0490376353263855
0 0.021828126162290573 0.6647384762763977 0.02043750137090683 0.07349371910095215
0 0.4309609532356262 0.6277196407318115 0.006359368562698364 0.008033454418182373
1 0.28764063119888306 0.6560983061790466 0.03546875715255737 0.05282425880432129
2 0.21661719679832458 0.6405544281005859 0.027703121304512024 0.03282421827316284
1 0.32090625166893005 0.658441424369812 0.02965623140335083 0.03583681583404541
1 0.3143047094345093 0.6362447738647461 0.025421887636184692 0.015585780143737793
1 0.42060935497283936 0.6647071242332458 0.07406249642372131 0.06916320323944092
1 0.2593749761581421 0.6631799340248108 0.08437499403953552 0.05439329147338867
1 0.13828125596046448 0.6610878705978394 0.09531249105930328 0.03347277641296387
10 0.16249999403953552 0.6108786463737488 0.021875008940696716 0.03347277641296387
5 0.574999988079071 0.6663179993629456 0.02187502384185791 0.023012518882751465
0 0.11953125149011612 0.6485356092453003 0.014062508940696716 0.050209224224090576
