0 0.125 0.7012500166893005 0.09999999403953552 0.19749999046325684
2 0.044999998062849045 0.6987500190734863 0.08500000089406967 0.19749999046325684
0 0.23625001311302185 0.7637499570846558 0.07750000059604645 0.2824999690055847
1 0.8812500238418579 0.8374999761581421 0.23250001668930054 0.3199999928474426
0 0.3212500214576721 0.7625000476837158 0.0925000011920929 0.2900000214576721
8 0.38749998807907104 0.6262500286102295 0.03999999165534973 0.11250001192092896
0 0.4662500023841858 0.6924999952316284 0.07249999046325684 0.2200000286102295
8 0.4287499785423279 0.6312500238418579 0.03749999403953552 0.12250000238418579
8 0.3050000071525574 0.5974999666213989 0.050000011920928955 0.07999998331069946
0 0.20250000059604645 0.6337499618530273 0.050000011920928955 0.09250003099441528
8 0.5412499904632568 0.6399999856948853 0.047500014305114746 0.1499999761581421
8 0.5800000429153442 0.6625000238418579 0.050000011920928955 0.16500002145767212
0 0.6212499737739563 0.7074999809265137 0.06749999523162842 0.23500001430511475
8 0.7300000190734863 0.6587499976158142 0.06000000238418579 0.17250001430511475
8 0.8200000524520874 0.6462500095367432 0.07499998807907104 0.17750000953674316
8 0.8899999856948853 0.6187499761581421 0.07999998331069946 0.12250000238418579
8 0.9850000143051147 0.6137499809265137 0.02499997615814209 0.11750000715255737
8 0.643750011920929 0.6537500023841858 0.05750000476837158 0.17250001430511475
