1 0.08761853724718094 0.8352187871932983 0.12282328307628632 0.09034377336502075
0 0.25960129499435425 0.8655468821525574 0.070797398686409 0.17121875286102295
0 0.37845903635025024 0.8795000314712524 0.09778019785881042 0.19656246900558472
0 0.7044073343276978 0.8932734727859497 0.07286638021469116 0.21323436498641968
0 0.7898275852203369 0.8850312232971191 0.10215520858764648 0.22993749380111694
0 0.8984590768814087 0.8835546970367432 0.1167026162147522 0.23289060592651367
0 0.7270042896270752 0.7801796793937683 0.05620688199996948 0.07373440265655518
0 0.7615517377853394 0.8021796941757202 0.07021552324295044 0.11970311403274536
0 0.029256464913487434 0.8751327991485596 0.05441810563206673 0.24642187356948853
0 0.33184266090393066 0.8751093745231628 0.09174570441246033 0.19856250286102295
0 0.8775753974914551 0.785085916519165 0.08066815137863159 0.10385936498641968
1 0.30302801728248596 0.8061875104904175 0.08489221334457397 0.041999995708465576
0 0.9739223718643188 0.8181250095367432 0.05215519666671753 0.1431875228881836
0 0.5043103694915771 0.87890625 0.14655175805091858 0.23906254768371582
