1 0.12339843809604645 0.2788967192173004 0.13267186284065247 0.08469481766223907
1 0.3237968683242798 0.3301408290863037 0.07196873426437378 0.09943661093711853
1 0.24131250381469727 0.2821478843688965 0.0831875205039978 0.06950704753398895
1 0.6620937585830688 0.4368075132369995 0.14750003814697266 0.2631455659866333
1 0.2977812588214874 0.3192136287689209 0.05521875619888306 0.09100940823554993
5 0.40425780415534973 0.4509859085083008 0.11210936307907104 0.5440375804901123
7 0.618484377861023 0.6177464723587036 0.2343125343322754 0.6846948862075806
3 0.010445312596857548 0.2345305234193802 0.014921875670552254 0.15694835782051086
9 0.5057109594345093 0.3912675976753235 0.05554690957069397 0.13887324929237366
5 0.2355078160762787 0.2942253351211548 0.028171882033348083 0.10319247841835022
9 0.8888124823570251 0.3883333206176758 0.03756248950958252 0.08352112770080566
9 0.7628359794616699 0.3793896734714508 0.029359400272369385 0.06061035394668579
9 0.955328106880188 0.37592723965644836 0.020968735218048096 0.027676045894622803
5 0.2325781285762787 0.32821595668792725 0.016968756914138794 0.05957746505737305
5 0.9373672008514404 0.4815610349178314 0.12526559829711914 0.20204228162765503
5 0.9886796474456787 0.5806924700737 0.022640645503997803 0.1063615083694458
0 0.007554687559604645 0.2633568048477173 0.01510937511920929 0.11070422828197479
5 0.336789071559906 0.26913145184516907 0.015140622854232788 0.02427232265472412
