1 0.2805859446525574 0.38620835542678833 0.21739061176776886 0.21933332085609436
1 0.6004843711853027 0.36530208587646484 0.2569999694824219 0.211187481880188
1 0.13380467891693115 0.3857916593551636 0.10957811772823334 0.13191667199134827
1 0.08535156399011612 0.36131250858306885 0.07248437404632568 0.10066667199134827
1 0.0319218747317791 0.2996250092983246 0.026593750342726707 0.031291663646698
3 0.32865622639656067 0.26629167795181274 0.3707812428474426 0.22245833277702332
0 0.03539062663912773 0.3647395968437195 0.07078125327825546 0.2120208442211151
0 0.9482109546661377 0.3643958568572998 0.07889062166213989 0.1888333261013031
1 0.8023281097412109 0.34080207347869873 0.23456251621246338 0.2058958262205124
5 0.40625 0.4385416805744171 0.12812501192092896 0.3854166865348816
