1 0.2897265553474426 0.3625527024269104 0.062078118324279785 0.0868852436542511
1 0.06743749976158142 0.5655971765518188 0.13487499952316284 0.5462294816970825
1 0.46607810258865356 0.3984426259994507 0.07118746638298035 0.07304447889328003
1 0.427984356880188 0.3747892379760742 0.09000000357627869 0.09421545267105103
0 0.5403984189033508 0.5966276526451111 0.349546879529953 0.8067446947097778
0 0.6985312700271606 0.37352460622787476 0.0209999680519104 0.04395785927772522
1 0.3370000123977661 0.3542037606239319 0.06609377264976501 0.08700236678123474
1 0.8994609117507935 0.469964861869812 0.05542188882827759 0.04442623257637024
10 0.6832031011581421 0.417540967464447 0.15978127717971802 0.11723652482032776
4 0.54296875 0.7540983557701111 0.7984374761581421 0.48243558406829834
