0 0.5394999980926514 0.4852810204029083 0.014656305313110352 0.08550351858139038
0 0.6433438062667847 0.5316744446754456 0.05912500619888306 0.29070255160331726
0 0.3310468792915344 0.5554449558258057 0.050906240940093994 0.33843088150024414
0 0.11603125184774399 0.6724004745483398 0.1627187579870224 0.6218969821929932
0 0.22456249594688416 0.539379358291626 0.04568749666213989 0.2132318615913391
0 0.5956640839576721 0.5593559741973877 0.08507812023162842 0.30615925788879395
1 0.19924218952655792 0.4923653304576874 0.034921884536743164 0.05016392469406128
5 0.19611719250679016 0.5323536396026611 0.03154687583446503 0.06985950469970703
0 0.44921875 0.6264637112617493 0.2359374761581421 0.6955503225326538
0 0.2757812440395355 0.5538641810417175 0.08281248807907104 0.409836083650589
0 0.04531250149011612 0.5644028186798096 0.09062500298023224 0.39344263076782227
0 0.02812499925494194 0.6217798590660095 0.02499999850988388 0.09601879119873047
0 0.17656248807907104 0.5281030535697937 0.04999999701976776 0.2084309160709381
0 0.01953125 0.5292739868164062 0.014062500558793545 0.07025763392448425
0 0.0023437500931322575 0.578454315662384 0.004687500186264515 0.09367680549621582
0 0.35234373807907104 0.5725995302200317 0.0234375 0.26932084560394287
0 0.6742187738418579 0.48946136236190796 0.029687464237213135 0.09836065769195557
0 0.6820312738418579 0.4590163826942444 0.017187535762786865 0.06088992953300476
0 0.7523437738418579 0.4754098057746887 0.0234375 0.09836062788963318
0 0.766406238079071 0.47423887252807617 0.01718747615814209 0.08665105700492859
5 0.875 0.47072598338127136 0.01250004768371582 0.06557375192642212
5 0.8648437261581421 0.4871194362640381 0.0390625 0.051522254943847656
6 0.8500000238418579 0.4695550203323364 0.015625 0.08196720480918884
6 0.8265625238418579 0.47072601318359375 0.018750011920928955 0.07962527871131897
0 0.9078124761581421 0.4625292718410492 0.015625 0.0866510272026062
0 0.905468761920929 0.42388761043548584 0.0078125 0.01405152678489685
0 0.928906261920929 0.4648711681365967 0.01718747615814209 0.08196720480918884
0 0.9820312261581421 0.4695550203323364 0.026562511920928955 0.08196720480918884
5 0.981249988079071 0.48009365797042847 0.03750002384185791 0.037470728158950806
