9 0.4362500011920929 0.7775000333786011 0.10750001668930054 0.21999996900558472
0 0.051249999552965164 0.7674999833106995 0.10249999910593033 0.2250000238418579
0 0.13625000417232513 0.7787500023841858 0.20250000059604645 0.23749995231628418
0 0.33375000953674316 0.7825000286102295 0.12250000238418579 0.2600000500679016
9 0.4087499976158142 0.6237499713897705 0.07249999046325684 0.04749995470046997
9 0.8925000429153442 0.7325000166893005 0.08499997854232788 0.12999999523162842
9 0.7975000143051147 0.6725000143051147 0.09500002861022949 0.125
9 0.8612499833106995 0.6487500071525574 0.07749998569488525 0.06749999523162842
9 0.5924999713897705 0.5900000333786011 0.06000000238418579 0.09999996423721313
9 0.27000001072883606 0.6587499976158142 0.07500000298023224 0.08249998092651367
0 0.11249999701976776 0.6324999928474426 0.06499999761581421 0.13999998569488525
9 0.2224999964237213 0.6137499809265137 0.06000000238418579 0.06749999523162842
9 0.3125 0.6274999976158142 0.04500001668930054 0.07500004768371582
