1 0.5947700142860413 0.43482667207717896 0.07918000221252441 0.07498666644096375
1 0.5176700353622437 0.43541333079338074 0.08434003591537476 0.07253330945968628
3 0.15625 0.5765733122825623 0.30914002656936646 0.3986400067806244
0 0.5563799738883972 0.8644266724586487 0.04423999786376953 0.17120003700256348
0 0.5039299726486206 0.8523600101470947 0.04301998019218445 0.1420000195503235
0 0.46421000361442566 0.912826657295227 0.043179988861083984 0.1571199893951416
0 0.7417500019073486 0.7185466289520264 0.03630000352859497 0.12024003267288208
0 0.8542500138282776 0.43669334053993225 0.020020008087158203 0.05722665786743164
0 0.822219967842102 0.905959963798523 0.04559999704360962 0.11447995901107788
0 0.817620038986206 0.628000020980835 0.03428000211715698 0.11045330762863159
0 0.5138499736785889 0.3699066638946533 0.014699995517730713 0.03490668535232544
0 0.8079899549484253 0.35282665491104126 0.011820018291473389 0.0488000214099884
0 0.7265000343322754 0.5940133333206177 0.021519958972930908 0.10039997100830078
0 0.6756000518798828 0.8734800219535828 0.04155999422073364 0.13501334190368652
0 0.753279983997345 0.6112800240516663 0.028280019760131836 0.0949866771697998
0 0.7300000190734863 0.8693333268165588 0.0480000376701355 0.15466666221618652
0 0.8270000219345093 0.9653333425521851 0.050000011920928955 0.06933331489562988
0 0.8700000047683716 0.972000002861023 0.039999961853027344 0.0559999942779541
0 0.8479999899864197 0.7226666808128357 0.03600001335144043 0.13333332538604736
0 0.7879999876022339 0.718666672706604 0.03200000524520874 0.13066667318344116
0 0.781000018119812 0.6039999723434448 0.0339999794960022 0.09866666793823242
0 0.7319999933242798 0.46799999475479126 0.02399998903274536 0.08266663551330566
0 0.7739999890327454 0.5066666603088379 0.019999980926513672 0.07466670870780945
0 0.7970000505447388 0.5066666603088379 0.022000014781951904 0.08000001311302185
0 0.8079999685287476 0.4493333101272583 0.02399998903274536 0.07199999690055847
0 0.7879999876022339 0.41200000047683716 0.019999980926513672 0.06666666269302368
0 0.8029999732971191 0.4013333320617676 0.022000014781951904 0.04533332586288452
0 0.7899999618530273 0.36133331060409546 0.020000040531158447 0.03999999165534973
1 0.6079999804496765 0.5119999647140503 0.019999980926513672 0.07999998331069946
0 0.5290000438690186 0.5 0.022000014781951904 0.07733333110809326
0 0.5160000324249268 0.5066666603088379 0.020000040531158447 0.06400001049041748
0 0.4819999933242798 0.4893333315849304 0.02399998903274536 0.07199999690055847
0 0.45499998331069946 0.47733333706855774 0.017999976873397827 0.07999998331069946
0 0.38099998235702515 0.48000001907348633 0.025999993085861206 0.07466664910316467
0 0.3709999918937683 0.4480000138282776 0.018000006675720215 0.03733333945274353
0 0.4950000047683716 0.3733333349227905 0.013999968767166138 0.04266667366027832
0 0.45499998331069946 0.3880000114440918 0.010000020265579224 0.05066666007041931
0 0.46399998664855957 0.3840000033378601 0.01199999451637268 0.0533333420753479
0 0.5959999561309814 0.31200000643730164 0.012000024318695068 0.04266667366027832
0 0.6399999856948853 0.29733332991600037 0.008000016212463379 0.03466665744781494
0 0.6510000228881836 0.2879999876022339 0.009999990463256836 0.03733333945274353
0 0.6579999923706055 0.2853333353996277 0.008000016212463379 0.03200000524520874
0 0.6650000214576721 0.29600000381469727 0.009999990463256836 0.03733333945274353
0 0.6710000038146973 0.2826666831970215 0.009999990463256836 0.02666667103767395
