1 0.12007030844688416 0.4622178077697754 0.10232812166213989 0.13937997817993164
1 0.060546875 0.4438712000846863 0.06328125298023224 0.0972495973110199
0 0.3986484408378601 0.4802543818950653 0.09939062595367432 0.2260095477104187
5 0.6358749866485596 0.6090381741523743 0.19881248474121094 0.4893958866596222
0 0.7723593711853027 0.49653416872024536 0.1549687385559082 0.3392051160335541
0 0.1918984353542328 0.5902464389801025 0.15985935926437378 0.4458664655685425
0 0.295835942029953 0.4609300494194031 0.13573437929153442 0.26071539521217346
0 0.5272343754768372 0.4794674217700958 0.06928125023841858 0.22443562746047974
0 0.9248515367507935 0.5157392621040344 0.09464067220687866 0.3627662658691406
7 0.5488828420639038 0.6778855323791504 0.25657814741134644 0.34852147102355957
0 0.032023437321186066 0.4550635814666748 0.05964062362909317 0.25842607021331787
6 0.4605703353881836 0.4703418016433716 0.030546873807907104 0.07238471508026123
0 0.9596015214920044 0.5637202262878418 0.07873433828353882 0.42995232343673706
0 0.4312499761581421 0.46422892808914185 0.04062500596046448 0.14308425784111023
0 0.8609374761581421 0.46184420585632324 0.08125001192092896 0.28775835037231445
