0 0.8337500095367432 0.6012499928474426 0.047500014305114746 0.09249997138977051
0 0.9099999666213989 0.5874999761581421 0.0350000262260437 0.09499996900558472
0 0.9550000429153442 0.6162500381469727 0.0899999737739563 0.11250001192092896
0 0.65625 0.5512499809265137 0.027500033378601074 0.05750000476837158
0 0.5625 0.5487499833106995 0.034999966621398926 0.0625
0 0.48000001907348633 0.5562499761581421 0.025000005960464478 0.0625
0 0.06750000268220901 0.5662500262260437 0.03500000014901161 0.0625
0 0.09749999642372131 0.5587499737739563 0.0299999937415123 0.0625
0 0.14750000834465027 0.5662500262260437 0.03500001132488251 0.05750000476837158
0 0.1875 0.5649999976158142 0.02000001072883606 0.0549999475479126
0 0.606249988079071 0.5537499785423279 0.027500033378601074 0.05750000476837158
