1 0.5907655954360962 0.46669793128967285 0.08021873235702515 0.04152080416679382
1 0.9556875228881836 0.42773959040641785 0.036718785762786865 0.03652083873748779
0 0.7171719074249268 0.5758229494094849 0.07496875524520874 0.22247916460037231
9 0.566085934638977 0.5859895944595337 0.06720316410064697 0.13697916269302368
7 0.3901640772819519 0.569447934627533 0.062359362840652466 0.1861041784286499
0 0.1107499971985817 0.5757291913032532 0.05265624821186066 0.195374995470047
0 0.021273436024785042 0.5867500305175781 0.0422968752682209 0.19433334469795227
9 0.5239687561988831 0.582072913646698 0.05659377574920654 0.1417708396911621
0 0.6695156097412109 0.5614687204360962 0.06721872091293335 0.21456247568130493
0 0.7579765319824219 0.5736562609672546 0.049671828746795654 0.20685413479804993
9 0.4819921851158142 0.5960520505905151 0.021703124046325684 0.11410421133041382
1 0.8448828458786011 0.42384374141693115 0.016546905040740967 0.032520830631256104
1 0.9060156345367432 0.4281979203224182 0.033531248569488525 0.04052084684371948
1 0.7902421951293945 0.42228126525878906 0.012671887874603271 0.018062502145767212
9 0.6243515610694885 0.5791041851043701 0.04526567459106445 0.12312501668930054
7 0.4554687440395355 0.5666666626930237 0.0703125 0.2124999761581421
