1 0.011869999580085278 0.4070623219013214 0.023739999160170555 0.07091987133026123
1 0.586679995059967 0.378115713596344 0.015519976615905762 0.018783360719680786
5 0.6911100149154663 0.39909493923187256 0.01557999849319458 0.0491691529750824
0 0.9145100116729736 0.40520769357681274 0.024580001831054688 0.08905044198036194
1 0.4376800060272217 0.3803115487098694 0.048200011253356934 0.04074183106422424
0 0.8119100332260132 0.3815578818321228 0.019620001316070557 0.04044511914253235
1 0.5254600048065186 0.374762624502182 0.021279990673065186 0.016528189182281494
5 0.2580000162124634 0.5296735763549805 0.12799999117851257 0.5311572551727295
5 0.3479999899864197 0.501483678817749 0.08000001311302185 0.4569733142852783
5 0.4570000171661377 0.5163204669952393 0.09400001168251038 0.3798219859600067
4 0.5709999799728394 0.4925816059112549 0.078000009059906 0.2373887300491333
4 0.6649999618530273 0.5044510364532471 0.09799998998641968 0.3204747438430786
5 0.7639999985694885 0.5400593280792236 0.13199996948242188 0.45697328448295593
