1 0.5912500023841858 0.6962499618530273 0.2124999761581421 0.24250000715255737
1 0.6312500238418579 0.5750000476837158 0.09250003099441528 0.07499998807907104
9 0.26249998807907104 0.5912500023841858 0.04500000178813934 0.07249999046325684
9 0.30125001072883606 0.6037499904632568 0.06749999523162842 0.09249997138977051
9 0.3462499976158142 0.5774999856948853 0.027500003576278687 0.06000000238418579
9 0.3787500262260437 0.5700000524520874 0.032499998807907104 0.05500000715255737
4 0.46875 0.5712500214576721 0.0625 0.06749999523162842
1 0.5099999904632568 0.9087499976158142 0.42000001668930054 0.17750000953674316
0 0.7362499833106995 0.5575000047683716 0.052500009536743164 0.08500003814697266
1 0.6512500047683716 0.5387499928474426 0.052500009536743164 0.047500014305114746
3 0.65625 0.5074999928474426 0.07749998569488525 0.05500003695487976
