8 0.07999999821186066 0.6162499785423279 0.05999999865889549 0.17750000953674316
8 0.3149999976158142 0.6000000238418579 0.050000011920928955 0.14000004529953003
0 0.23749999701976776 0.5462499856948853 0.030000001192092896 0.0625
0 0.20374999940395355 0.5449999570846558 0.02250000834465027 0.06000000238418579
1 0.375 0.5399999618530273 0.10500001907348633 0.04000002145767212
1 0.6062500476837158 0.6162500381469727 0.14749997854232788 0.13249999284744263
1 0.5175000429153442 0.53125 0.06000000238418579 0.03250002861022949
8 0.6924999952316284 0.5387499928474426 0.019999980926513672 0.0625
8 0.762499988079071 0.543749988079071 0.02499997615814209 0.06749999523162842
0 0.9674999713897705 0.5525000095367432 0.04000002145767212 0.08500003814697266
