3 0.69921875 0.7834051847457886 0.2171875238418579 0.25646549463272095
0 0.41874998807907104 0.810528039932251 0.028125017881393433 0.09441810846328735
1 0.1277734339237213 0.7867779731750488 0.08892187476158142 0.05803877115249634
1 0.5183281302452087 0.8210129737854004 0.10590624809265137 0.07125002145767212
1 0.32395315170288086 0.7911314964294434 0.07059374451637268 0.062349140644073486
1 0.20714062452316284 0.7895042896270752 0.06665626168251038 0.059137940406799316
1 0.9481562376022339 0.8250430822372437 0.10368752479553223 0.07788795232772827
1 0.8196640610694885 0.775053858757019 0.03164064884185791 0.030624985694885254
1 0.23125781118869781 0.7824353575706482 0.03739061951637268 0.031163811683654785
1 0.06562499701976776 0.8243534564971924 0.13124999403953552 0.07974135875701904
1 0.02968749962747097 0.7855603694915771 0.05625000223517418 0.04525858163833618
1 0.44453126192092896 0.798491358757019 0.029687494039535522 0.04956895112991333
1 0.8453124761581421 0.7780172228813171 0.046875 0.02155172824859619
1 0.5648437738418579 0.818965494632721 0.0546875 0.06465518474578857
2 0.21640625596046448 0.735991358757019 0.045312508940696716 0.03232759237289429
