1 0.4273437261581421 0.4364583492279053 0.15468749403953552 0.08541664481163025
1 0.025499999523162842 0.4296770691871643 0.0494687482714653 0.09810414910316467
0 0.7093750238418579 0.5062500238418579 0.08750003576278687 0.304166704416275
0 0.3773437738418579 0.5064791440963745 0.15781250596046448 0.21295830607414246
0 0.5604687929153442 0.5010416507720947 0.1834375262260437 0.20625001192092896
0 0.8460937738418579 0.4454687833786011 0.0390625 0.18406251072883606
9 0.7984141111373901 0.4703333377838135 0.05307811498641968 0.11349999904632568
0 0.7596328258514404 0.4196354150772095 0.010859370231628418 0.053312480449676514
9 0.8292578458786011 0.4612395763397217 0.028171837329864502 0.11827084422111511
0 0.5218750238418579 0.47187501192092896 0.03125 0.13958334922790527
0 0.17578125 0.4958333373069763 0.12968748807907104 0.2291666567325592
