1 0.8552500009536743 0.7392154932022095 0.2164374589920044 0.33402806520462036
3 0.5329999923706055 0.50689697265625 0.5292500257492065 0.8426932096481323
3 0.19837500154972076 0.47738873958587646 0.11237499117851257 0.40353628993034363
3 0.2616328001022339 0.45562058687210083 0.0944531261920929 0.5011241436004639
10 0.8946952819824219 0.5765456557273865 0.21060937643051147 0.2398829162120819
1 0.9726406335830688 0.7682787179946899 0.054718732833862305 0.25641685724258423
1 0.13954687118530273 0.5379039645195007 0.02525000274181366 0.041896939277648926
1 0.9788047075271606 0.8435363173484802 0.042390644550323486 0.28941452503204346
3 0.11946874856948853 0.5245081782341003 0.024218745529651642 0.08887585997581482
4 0.09843750298023224 0.5421545505523682 0.03437500447034836 0.11943793296813965
