1 0.714367151260376 0.5837395787239075 0.06195312738418579 0.05152082443237305
1 0.6728749871253967 0.5777604579925537 0.05012500286102295 0.04472917318344116
1 0.4096406102180481 0.5708645582199097 0.028437525033950806 0.05927079916000366
0 0.11828906834125519 0.7071458101272583 0.19629687070846558 0.5857083201408386
0 0.33614063262939453 0.5742917060852051 0.021874994039535522 0.08345836400985718
0 0.9927968978881836 0.6000937223434448 0.013999998569488525 0.08718746900558472
1 0.6156952977180481 0.5971041917800903 0.10370314121246338 0.08270829916000366
1 0.39567187428474426 0.5623542070388794 0.017531275749206543 0.03920835256576538
0 0.030335936695337296 0.710114598274231 0.06067187339067459 0.5752708315849304
1 0.42087501287460327 0.582281231880188 0.030750006437301636 0.0885208249092102
9 0.2937343716621399 0.6435104608535767 0.11328125 0.13427084684371948
0 0.9829765558242798 0.6004583239555359 0.02214062213897705 0.09399998188018799
1 0.528124988079071 0.6270833015441895 0.13124999403953552 0.13333338499069214
1 0.47343748807907104 0.5958333611488342 0.09062501788139343 0.125
1 0.8062499761581421 0.6364582777023315 0.21875 0.16041666269302368
