1 0.23624999821186066 0.7374999523162842 0.4675000011920929 0.3349999785423279
0 0.4424999952316284 0.5512499809265137 0.019999980926513672 0.047500014305114746
3 0.5137499570846558 0.5062500238418579 0.1524999737739563 0.10750001668930054
1 0.65625 0.5562499761581421 0.07749998569488525 0.05750000476837158
1 0.7524999976158142 0.5412499904632568 0.0700000524520874 0.0625
0 0.3050000071525574 0.5399999618530273 0.02000001072883606 0.06000000238418579
0 0.4125000238418579 0.5212500095367432 0.02000001072883606 0.03750002384185791
8 0.9012500047683716 0.5462499856948853 0.03750002384185791 0.08749997615814209
8 0.9199999570846558 0.5562499761581421 0.050000011920928955 0.08250004053115845
8 0.8600000143051147 0.5299999713897705 0.04000002145767212 0.06499999761581421
8 0.8362499475479126 0.5212500095367432 0.012499988079071045 0.052500009536743164
8 0.8237500190734863 0.5175000429153442 0.012499988079071045 0.05500000715255737
1 0.96875 0.5612499713897705 0.05750000476837158 0.0675000548362732
1 0.6787499785423279 0.5162500143051147 0.047500014305114746 0.0274999737739563
3 0.7387499809265137 0.4975000023841858 0.14749997854232788 0.03999999165534973
8 0.8100000023841858 0.5162500143051147 0.009999990463256836 0.03250002861022949
1 0.6212500333786011 0.5175000429153442 0.05249994993209839 0.04500001668930054
0 0.2574999928474426 0.5275000333786011 0.02000001072883606 0.04500001668930054
0 0.051249999552965164 0.5550000071525574 0.03750000149011612 0.09000003337860107
