1 0.06199999898672104 0.7748124599456787 0.12178124487400055 0.09291666746139526
0 0.6676796674728394 0.7809479236602783 0.040234386920928955 0.1353958249092102
0 0.6113515496253967 0.7489792108535767 0.019703149795532227 0.10504168272018433
0 0.6349608898162842 0.7533228993415833 0.028796851634979248 0.09197914600372314
0 0.8165702819824219 0.8797812461853027 0.19382816553115845 0.22247916460037231
0 0.7915390729904175 0.7394791841506958 0.03032815456390381 0.11804169416427612
0 0.9449687600135803 0.8884687423706055 0.11006247997283936 0.22306251525878906
0 0.7698203325271606 0.7437396049499512 0.02398437261581421 0.12731248140335083
0 0.20859375596046448 0.7122499942779541 0.016093745827674866 0.019500017166137695
0 0.740054726600647 0.7811562418937683 0.04307812452316284 0.12218749523162842
0 0.8395156264305115 0.7231249809265137 0.03165626525878906 0.06279164552688599
1 0.06767968833446503 0.7339687347412109 0.13173437118530273 0.06264585256576538
1 0.2265625 0.7437499761581421 0.056249991059303284 0.0458332896232605
3 0.359375 0.71875 0.2124999761581421 0.15833330154418945
0 0.38359373807907104 0.8552082777023315 0.0703125 0.2854166626930237
0 0.4429687261581421 0.840624988079071 0.1484374701976776 0.31458330154418945
