1 0.8555699586868286 0.6069866418838501 0.12330001592636108 0.1306133270263672
1 0.7593200206756592 0.8474799990653992 0.27296000719070435 0.30504000186920166
1 0.6876399517059326 0.918720006942749 0.3505600094795227 0.13482666015625
3 0.5134199857711792 0.44205331802368164 0.13424000144004822 0.25727999210357666
3 0.6640399694442749 0.632586658000946 0.2730399966239929 0.40224000811576843
8 0.43348002433776855 0.7513467073440552 0.06027999520301819 0.28594666719436646
8 0.2855300009250641 0.7229599952697754 0.04277998208999634 0.19594669342041016
8 0.26144999265670776 0.82614666223526 0.0513400137424469 0.2865866422653198
0 0.016819998621940613 0.6954666376113892 0.032999999821186066 0.13226670026779175
0 0.15000000596046448 0.851693332195282 0.11795999109745026 0.2921333312988281
0 0.1875 0.550986647605896 0.015960007905960083 0.059466660022735596
0 0.15152999758720398 0.5897866487503052 0.04734000563621521 0.07994669675827026
0 0.04764999821782112 0.887719988822937 0.09529999643564224 0.22456002235412598
0 0.21316999197006226 0.47517335414886475 0.017539992928504944 0.043573349714279175
0 0.05380000174045563 0.6720799803733826 0.05640000104904175 0.12138664722442627
1 0.8900600075721741 0.6642533540725708 0.05423998832702637 0.14631998538970947
3 0.7790199518203735 0.4623466730117798 0.16663998365402222 0.13685333728790283
0 0.08037000149488449 0.6443467140197754 0.045020002871751785 0.12970668077468872
0 0.2340099960565567 0.5248266458511353 0.018099993467330933 0.053493350744247437
2 0.9458400011062622 0.6945466995239258 0.1019599437713623 0.31101328134536743
