1 0.4578281342983246 0.8850117921829224 0.025281250476837158 0.02879995107650757
4 0.7332577705383301 0.976058840751648 0.06220310926437378 0.04788237810134888
0 0.9751406311988831 0.914647102355957 0.04971873760223389 0.1707058548927307
0 0.5166327953338623 0.8835881948471069 0.011046886444091797 0.04185885190963745
1 0.03792968764901161 0.8890117406845093 0.05676562339067459 0.027152955532073975
1 0.07645312696695328 0.8817999958992004 0.04359375312924385 0.03230583667755127
1 0.48124998807907104 0.8832823634147644 0.025000005960464478 0.033341169357299805
2 0.5101562738418579 0.8752940893173218 0.035937488079071045 0.05176466703414917
0 0.9429687261581421 0.9270588159561157 0.020312488079071045 0.14588236808776855
0 0.8445312976837158 0.9082353115081787 0.020312488079071045 0.09882354736328125
0 0.83203125 0.9082353115081787 0.01406252384185791 0.10352939367294312
