0 0.12401562929153442 0.765375018119812 0.02968750149011612 0.04512500762939453
1 0.07187499850988388 0.9255520701408386 0.14374999701976776 0.14889585971832275
1 0.14384375512599945 0.8931666612625122 0.1938125044107437 0.2120416760444641
1 0.2814375162124634 0.7938646078109741 0.08784374594688416 0.09677082300186157
1 0.3412812352180481 0.7619895935058594 0.060687512159347534 0.035520851612091064
1 0.3489765524864197 0.7451250553131104 0.01042187213897705 0.008291661739349365
1 0.37375783920288086 0.7619166374206543 0.024140626192092896 0.02574998140335083
1 0.4291718602180481 0.7744375467300415 0.05506250262260437 0.03733330965042114
1 0.46266406774520874 0.7668750286102295 0.03729689121246338 0.030041635036468506
1 0.7219921350479126 0.8005000352859497 0.08798438310623169 0.06070834398269653
1 0.5963358879089355 0.777260422706604 0.05329686403274536 0.05168747901916504
1 0.6381406188011169 0.7852083444595337 0.06856250762939453 0.05620831251144409
1 0.8488280773162842 0.7726249694824219 0.055468738079071045 0.025583326816558838
1 0.4000859260559082 0.7528958320617676 0.02335938811302185 0.029624998569488525
1 0.23984375596046448 0.7562500238418579 0.03593750298023224 0.04166668653488159
1 0.36406248807907104 0.75 0.018749982118606567 0.016666650772094727
1 0.4164062440395355 0.7614583373069763 0.026562511920928955 0.03125
1 0.608593761920929 0.7510416507720947 0.02968752384185791 0.014583349227905273
