0 0.03374999761581421 0.6537500023841858 0.0624999962747097 0.1575000286102295
9 0.08624999970197678 0.8474999666213989 0.1524999886751175 0.30000001192092896
9 0.17375001311302185 0.7350000143051147 0.07750000059604645 0.1549999713897705
9 0.29624998569488525 0.731249988079071 0.07750001549720764 0.09749996662139893
9 0.3112500011920929 0.8487499952316284 0.1274999976158142 0.2475000023841858
9 0.375 0.7400000095367432 0.06999999284744263 0.11000001430511475
0 0.42250001430511475 0.8424999713897705 0.1300000250339508 0.3149999976158142
9 0.5112500190734863 0.8100000023841858 0.0925000011920929 0.1950000524520874
9 0.32374998927116394 0.6637499928474426 0.06749999523162842 0.09249997138977051
9 0.38624998927116394 0.6362500190734863 0.0625 0.07249999046325684
9 0.4637500047683716 0.6737499833106995 0.09749999642372131 0.08749997615814209
9 0.48374998569488525 0.6425000429153442 0.052499979734420776 0.06999999284744263
9 0.6287499666213989 0.6612499952316284 0.07250005006790161 0.11750000715255737
9 0.6875 0.6762499809265137 0.059999942779541016 0.14249998331069946
0 0.8324999809265137 0.6787499785423279 0.07499998807907104 0.07749998569488525
0 0.8899999856948853 0.7487499713897705 0.12999999523162842 0.16749995946884155
9 0.7775000333786011 0.6074999570846558 0.050000011920928955 0.06999999284744263
9 0.8812500238418579 0.6237499713897705 0.0975000262260437 0.09250003099441528
9 0.9550000429153442 0.6475000381469727 0.06999999284744263 0.08499997854232788
0 0.9537500143051147 0.5762500166893005 0.05750000476837158 0.08749997615814209
