1 0.029999999329447746 0.5837500095367432 0.05999999865889549 0.07249999046325684
1 0.054999999701976776 0.5449999570846558 0.06499999761581421 0.04500001668930054
0 0.9487500190734863 0.7862499952316284 0.0975000262260437 0.27250003814697266
0 0.8100000023841858 0.6625000238418579 0.04999995231628418 0.17500001192092896
0 0.9075000286102295 0.675000011920929 0.0899999737739563 0.21500003337860107
0 0.6349999904632568 0.5950000286102295 0.050000011920928955 0.09999996423721313
0 0.8362500071525574 0.6537500023841858 0.052500009536743164 0.1875
0 0.9712499976158142 0.5962499976158142 0.047500014305114746 0.09749996662139893
0 0.6749999523162842 0.606249988079071 0.050000011920928955 0.09249997138977051
0 0.7712500095367432 0.6000000238418579 0.027500033378601074 0.10999995470046997
