4 0.1587499976158142 0.5674999952316284 0.08250000327825546 0.04499995708465576
4 0.38374999165534973 0.5912500023841858 0.06749999523162842 0.07749998569488525
0 0.4112499952316284 0.71875 0.11250001192092896 0.2575000524520874
0 0.42750000953674316 0.5974999666213989 0.04499998688697815 0.0899999737739563
8 0.5224999785423279 0.6937500238418579 0.09000000357627869 0.2475000023841858
8 0.5362499952316284 0.7712500095367432 0.07249999046325684 0.26749998331069946
8 0.6162500381469727 0.7287499904632568 0.08750003576278687 0.2475000023841858
8 0.7162500023841858 0.7537499666213989 0.09749996662139893 0.3024999499320984
8 0.6837499737739563 0.6987500190734863 0.05750000476837158 0.22750002145767212
8 0.7837499976158142 0.6962499618530273 0.06749999523162842 0.21250003576278687
8 0.8612500429153442 0.7462500333786011 0.0975000262260437 0.2774999737739563
8 0.9137499928474426 0.7212499976158142 0.07749998569488525 0.2174999713897705
1 0.6987500190734863 0.5662499666213989 0.08249998092651367 0.04749995470046997
1 0.7712500095367432 0.5612499713897705 0.08249998092651367 0.04749995470046997
1 0.8274999856948853 0.5612499713897705 0.06999999284744263 0.04249995946884155
0 0.5799999833106995 0.5637500286102295 0.02499997615814209 0.05749994516372681
0 0.5087499618530273 0.5625 0.03249996900558472 0.08500003814697266
1 0.30250000953674316 0.5287500023841858 0.034999996423721313 0.01750004291534424
0 0.36250001192092896 0.5299999713897705 0.015000015497207642 0.04000002145767212
