0 0.05375000089406967 0.800000011920929 0.10750000178813934 0.39499998092651367
0 0.1574999988079071 0.6637499928474426 0.03999999165534973 0.10749995708465576
0 0.18000000715255737 0.6237499713897705 0.040000006556510925 0.14249998331069946
0 0.35750001668930054 0.6324999928474426 0.04999998211860657 0.13999998569488525
0 0.32625001668930054 0.5924999713897705 0.04249998927116394 0.1199999451637268
0 0.3837500214576721 0.5674999952316284 0.027500003576278687 0.08000004291534424
1 0.6462500095367432 0.5425000190734863 0.052500009536743164 0.04500001668930054
1 0.7425000071525574 0.5562499761581421 0.08000004291534424 0.052500009536743164
1 0.875 0.5987499952316284 0.20500004291534424 0.12250000238418579
2 0.7712500095367432 0.5249999761581421 0.052500009536743164 0.0350000262260437
0 0.44749999046325684 0.5674999952316284 0.02000001072883606 0.08500003814697266
0 0.5149999856948853 0.5475000143051147 0.029999971389770508 0.06499999761581421
2 0.9287500381469727 0.543749988079071 0.14249998331069946 0.13750001788139343
1 0.8187500238418579 0.5337499976158142 0.0625 0.04250001907348633
