1 0.17249999940395355 0.6625000238418579 0.17499998211860657 0.16500002145767212
1 0.13499999046325684 0.5837500095367432 0.11999998986721039 0.10750001668930054
0 0.8525000214576721 0.8149999976158142 0.13499999046325684 0.36500000953674316
0 0.5874999761581421 0.6599999666213989 0.06999999284744263 0.1899999976158142
0 0.6712499856948853 0.6850000023841858 0.0625 0.2200000286102295
0 0.5112500190734863 0.5774999856948853 0.0274999737739563 0.08499997854232788
8 0.5412499904632568 0.6000000238418579 0.047500014305114746 0.125
0 0.48374998569488525 0.5625 0.027500003576278687 0.0700000524520874
8 0.45499998331069946 0.6175000071525574 0.034999996423721313 0.12999999523162842
8 0.42000001668930054 0.5974999666213989 0.054999977350234985 0.1350000500679016
4 0.3137499988079071 0.5674999952316284 0.04250001907348633 0.06000000238418579
4 0.2799999713897705 0.5512499809265137 0.030000001192092896 0.052500009536743164
1 0.19624999165534973 0.5237500071525574 0.027499988675117493 0.027500033378601074
0 0.7937500476837158 0.5449999570846558 0.017499983310699463 0.0350000262260437
0 0.8400000333786011 0.5549999475479126 0.030000030994415283 0.07499998807907104
0 0.8637499809265137 0.6175000071525574 0.07249999046325684 0.125
0 0.9049999713897705 0.6362500190734863 0.06999999284744263 0.15749996900558472
0 0.6637499928474426 0.5575000047683716 0.04250001907348633 0.05500000715255737
0 0.6237499713897705 0.5387499928474426 0.037499964237213135 0.04250001907348633
0 0.5950000286102295 0.5399999618530273 0.01500004529953003 0.0350000262260437
0 0.574999988079071 0.5449999570846558 0.029999971389770508 0.050000011920928955
