4 0.6924218535423279 0.34129977226257324 0.03756248950958252 0.06957846879959106
10 0.3383203148841858 0.28955504298210144 0.23135937750339508 0.2939109802246094
1 0.7646406292915344 0.4262763559818268 0.25187504291534424 0.30562061071395874
1 0.15517187118530273 0.36747071146965027 0.26237499713897705 0.31339579820632935
1 0.6436640620231628 0.35864168405532837 0.06610941886901855 0.07620608806610107
1 0.5699531435966492 0.38005855679512024 0.11049997806549072 0.17641687393188477
1 0.9196484088897705 0.3866744637489319 0.11001557111740112 0.1597658097743988
1 0.02421874925494194 0.4042154550552368 0.04843749850988388 0.1428571343421936
1 0.9679609537124634 0.2992037534713745 0.06273436546325684 0.04117095470428467
1 0.8248906135559082 0.31076112389564514 0.030281245708465576 0.038993000984191895
3 0.5259765386581421 0.255269318819046 0.15201562643051147 0.11709600687026978
2 0.8188515901565552 0.28262293338775635 0.037328124046325684 0.041170984506607056
4 0.3687499761581421 0.6217798590660095 0.546875 0.7236534357070923
1 0.859375 0.2857142984867096 0.03437495231628418 0.023419201374053955
1 0.9078124761581421 0.29039812088012695 0.040625035762786865 0.037470728158950806
0 0.9125000238418579 0.2915690839290619 0.009375035762786865 0.030444979667663574
10 0.983593761920929 0.255269318819046 0.02968752384185791 0.037470743060112
