0 0.24669530987739563 0.6617136001586914 0.09098438918590546 0.3750704228878021
0 0.3539062440395355 0.657382607460022 0.1171875 0.3711032569408417
0 0.6740546822547913 0.6514084339141846 0.09876561164855957 0.4107981324195862
0 0.42918750643730164 0.6210094094276428 0.04718750715255737 0.24464789032936096
1 0.5932890176773071 0.5412089228630066 0.02054685354232788 0.05880284309387207
0 0.6131406426429749 0.5586267709732056 0.022312521934509277 0.12208917737007141
0 0.1328125 0.6202934384346008 0.09062499552965164 0.2922300398349762
0 0.30974218249320984 0.47348591685295105 0.07976561784744263 0.060821592807769775
0 0.5648437738418579 0.6326290965080261 0.11406248807907104 0.39201876521110535
0 0.04765624925494194 0.5328638553619385 0.06093750149011612 0.16431927680969238
0 0.879687488079071 0.7288732528686523 0.2406250238418579 0.5375586748123169
0 0.5445312261581421 0.5420892238616943 0.017187535762786865 0.09892016649246216
0 0.5143437385559082 0.6384976506233215 0.04296875 0.22535216808319092
0 0.2867187559604645 0.6373239159584045 0.057812511920928955 0.2934271991252899
0 0.29765623807907104 0.6197183132171631 0.0390625 0.25821593403816223
0 0.22578126192092896 0.5316901206970215 0.02031250298023224 0.035211265087127686
0 0.02265624888241291 0.6126760244369507 0.04218750074505806 0.2582159638404846
0 0.15859374403953552 0.5985915660858154 0.032812491059303284 0.15023475885391235
0 0.07343749701976776 0.6666666865348816 0.08125000447034836 0.3755868673324585
0 0.42578125 0.5223004817962646 0.026562511920928955 0.05868545174598694
0 0.48046875 0.5187793374061584 0.020312488079071045 0.037558674812316895
0 0.504687488079071 0.5211267471313477 0.021874994039535522 0.07511734962463379
0 0.4898437559604645 0.5223004817962646 0.010937511920928955 0.0446009635925293
0 0.9437500238418579 0.6009389758110046 0.11250001192092896 0.1314554214477539
