1 0.967703104019165 0.6243484020233154 0.06459373235702515 0.11327123641967773
3 0.3264140486717224 0.5309707522392273 0.4889843463897705 0.38917553424835205
0 0.9038828015327454 0.7414361834526062 0.07532811164855957 0.3650531768798828
0 0.8751015663146973 0.5917154550552368 0.03001558780670166 0.08816486597061157
8 0.6495312452316284 0.6101462841033936 0.023781299591064453 0.12109041213989258
0 0.9435937404632568 0.7142952084541321 0.06856250762939453 0.3390159606933594
0 0.815750002861023 0.7153191566467285 0.10165619850158691 0.4270212650299072
0 0.5981249809265137 0.6798537373542786 0.07765626907348633 0.271037220954895
8 0.6291953325271606 0.5750664472579956 0.028421878814697266 0.07109040021896362
8 0.5853672027587891 0.5646010637283325 0.01767188310623169 0.052500009536743164
8 0.5612343549728394 0.6070611476898193 0.015312492847442627 0.12007981538772583
0 0.723437488079071 0.6901595592498779 0.109375 0.28989362716674805
