1 0.3862577974796295 0.755398154258728 0.24623435735702515 0.2413817048072815
1 0.8520156145095825 0.7077869176864624 0.29596877098083496 0.31651049852371216
1 0.8951718807220459 0.6202107667922974 0.12250000238418579 0.10529273748397827
1 0.030671875923871994 0.7520725727081299 0.06134375184774399 0.12105387449264526
1 0.7212969064712524 0.6070609092712402 0.040562450885772705 0.05819672346115112
3 0.4758046865463257 0.5714285373687744 0.3676406145095825 0.4172365069389343
5 0.8164530992507935 0.6003395318984985 0.08515626192092896 0.16831380128860474
5 0.11503124982118607 0.7185948491096497 0.043062493205070496 0.12454330921173096
1 0.7659687399864197 0.6205386519432068 0.022312521934509277 0.0571897029876709
1 0.13951562345027924 0.7331147193908691 0.02762499451637268 0.0886182188987732
1 0.6967030763626099 0.6341217756271362 0.040437519550323486 0.07503509521484375
5 0.6695312261581421 0.6967213153839111 0.07656246423721313 0.33021080493927
5 0.745312511920929 0.6346604228019714 0.03125 0.13114750385284424
5 0.15703125298023224 0.7751756310462952 0.3109374940395355 0.4449648857116699
5 0.5492187738418579 0.7353630065917969 0.1328125298023224 0.3840749263763428
