1 0.13435937464237213 0.6730332374572754 0.26871874928474426 0.40673133730888367
0 0.503125011920929 0.5559972524642944 0.1312500238418579 0.4859556555747986
0 0.8703124523162842 0.5699861645698547 0.13749998807907104 0.513933539390564
0 0.9515625238418579 0.5554986000061035 0.09375 0.43509694933891296
0 0.15937499701976776 0.45231300592422485 0.109375 0.2453462779521942
0 0.3238906264305115 0.4944736957550049 0.06028127670288086 0.29088643193244934
0 0.5523437261581421 0.53505539894104 0.07968753576278687 0.427451491355896
0 0.2867187559604645 0.49660664796829224 0.10468751192092896 0.46135735511779785
0 0.21171875298023224 0.43466758728027344 0.07656249403953552 0.3153185546398163
0 0.6413984298706055 0.49958449602127075 0.08592188358306885 0.3786703646183014
0 0.6192030906677246 0.5423822402954102 0.0727812647819519 0.35567864775657654
