1 0.3162499964237213 0.5462499856948853 0.05750000476837158 0.03750002384185791
1 0.6575000286102295 0.7775000333786011 0.4000000059604645 0.30000001192092896
0 0.9275000095367432 0.6825000047683716 0.10000002384185791 0.1850000023841858
0 0.9600000381469727 0.6487500071525574 0.05500000715255737 0.18250000476837158
0 0.8887500166893005 0.6475000381469727 0.052500009536743164 0.15000003576278687
0 0.4012500047683716 0.5512499809265137 0.027500003576278687 0.05750000476837158
0 0.4150000214576721 0.5399999618530273 0.025000005960464478 0.050000011920928955
0 0.03749999776482582 0.6225000023841858 0.07000000029802322 0.125
0 0.15125000476837158 0.5774999856948853 0.037500008940696716 0.07499998807907104
0 0.06875000149011612 0.5750000476837158 0.042500004172325134 0.07999998331069946
