1 0.6408984661102295 0.6931354403495789 0.09842187166213989 0.10885417461395264
1 0.7217109203338623 0.6875 0.11476564407348633 0.1120833158493042
1 0.5552656650543213 0.6686979532241821 0.08193749189376831 0.07481247186660767
1 0.08953125029802322 0.6700833439826965 0.14471875131130219 0.08066666126251221
3 0.391851544380188 0.6476354598999023 0.24101564288139343 0.2853958010673523
0 0.12297657132148743 0.7981458306312561 0.04682812839746475 0.23704171180725098
0 0.6142343878746033 0.6346979141235352 0.026937484741210938 0.05643749237060547
0 0.7680390477180481 0.6230000257492065 0.03585934638977051 0.056374967098236084
0 0.17612500488758087 0.7413228750228882 0.02903124690055847 0.1703541874885559
1 0.5216171741485596 0.640458345413208 0.03817188739776611 0.024500012397766113
