2 0.1116953119635582 0.5636768341064453 0.22039063274860382 0.4089929461479187
1 0.28025782108306885 0.5322599411010742 0.1504218727350235 0.23107728362083435
1 0.9295468330383301 0.5410070419311523 0.14090627431869507 0.20449650287628174
1 0.7031640410423279 0.37078455090522766 0.032984375953674316 0.06742388010025024
2 0.783523440361023 0.34989461302757263 0.030109405517578125 0.0498126745223999
1 0.9600000381469727 0.734519898891449 0.07999998331069946 0.18833720684051514
3 0.9430468678474426 0.3737470805644989 0.08706247806549072 0.099906325340271
2 0.8548749685287476 0.3757143020629883 0.07659369707107544 0.1296955645084381
10 0.6420390605926514 0.37215456366539 0.09095311164855957 0.1825292706489563
10 0.5239062309265137 0.36044496297836304 0.15949997305870056 0.13442623615264893
0 0.26636719703674316 0.3777400255203247 0.03207811713218689 0.07304450869560242
0 0.13075780868530273 0.3487119674682617 0.032484374940395355 0.05344262719154358
0 0.3042031228542328 0.38411009311676025 0.01728123426437378 0.07946136593818665
0 0.06667187809944153 0.34769320487976074 0.03803125396370888 0.03566744923591614
1 0.7383984327316284 0.3109718859195709 0.021890640258789062 0.023442625999450684
2 0.3797265589237213 0.41851288080215454 0.13673436641693115 0.21974241733551025
4 0.4476562440395355 0.675644040107727 0.41718751192092896 0.5690866708755493
4 0.6875 0.6779859662055969 0.25 0.4941451847553253
4 0.8125 0.6311475038528442 0.20000004768371582 0.48946136236190796
4 0.8695312738418579 0.4941452145576477 0.12343746423721313 0.13114753365516663
