0 0.12124999612569809 0.8125 0.13750000298023224 0.1950000524520874
0 0.21875 0.8362500071525574 0.11250001192092896 0.32249999046325684
9 0.05999999865889549 0.7300000190734863 0.08500000089406967 0.15000003576278687
0 0.18125000596046448 0.6512500047683716 0.09750001132488251 0.12250000238418579
9 0.26375001668930054 0.6787500381469727 0.07750001549720764 0.08750003576278687
0 0.30124998092651367 0.7487499713897705 0.10249999165534973 0.20750004053115845
9 0.36000001430511475 0.6462500095367432 0.07000002264976501 0.1274999976158142
9 0.45749998092651367 0.675000011920929 0.0949999988079071 0.13499999046325684
9 0.4724999964237213 0.6150000095367432 0.050000011920928955 0.06000000238418579
9 0.5199999809265137 0.6512500047683716 0.050000011920928955 0.10749995708465576
9 0.6949999928474426 0.5799999833106995 0.039999961853027344 0.11000001430511475
9 0.6725000143051147 0.5737500190734863 0.0350000262260437 0.10250002145767212
0 0.8849999904632568 0.5575000047683716 0.06999999284744263 0.09000003337860107
0 0.8224999904632568 0.5049999952316284 0.009999990463256836 0.029999971389770508
0 0.8362499475479126 0.5037499666213989 0.007499992847442627 0.03249996900558472
0 0.9500000476837158 0.5737500190734863 0.04000002145767212 0.10750001668930054
0 0.981249988079071 0.574999988079071 0.027500033378601074 0.11000001430511475
0 0.9950000047683716 0.5850000381469727 0.009999990463256836 0.07999998331069946
