7 0.40312501788139343 0.5173906087875366 0.4104166626930237 0.5527187585830688
0 0.7879166603088379 0.5320859551429749 0.16112500429153442 0.3351406157016754
0 0.6219791173934937 0.5334296822547913 0.21387499570846558 0.3795156180858612
0 0.6268854141235352 0.4530703127384186 0.04381251335144043 0.08832812309265137
0 0.18247917294502258 0.5140234231948853 0.10799999535083771 0.10123437643051147
0 0.27415624260902405 0.44377341866493225 0.06702081859111786 0.12514060735702515
0 0.10042708367109299 0.46440625190734863 0.07722915709018707 0.22712501883506775
0 0.13768750429153442 0.44135940074920654 0.03558333218097687 0.12978127598762512
0 0.7214374542236328 0.43217968940734863 0.028916656970977783 0.06473439931869507
0 0.3219375014305115 0.4398202896118164 0.062583327293396 0.14085933566093445
0 0.17615625262260437 0.43132030963897705 0.06481249630451202 0.131109356880188
2 0.9603854417800903 0.432367205619812 0.07789582014083862 0.0448281466960907
1 0.8534791469573975 0.42008593678474426 0.06270831823348999 0.024609386920928955
1 0.8246979117393494 0.406125009059906 0.014729142189025879 0.01209375262260437
5 0.9572916626930237 0.49687498807907104 0.08541667461395264 0.05624997615814209
5 0.9447916746139526 0.4710937738418579 0.03125 0.017187505960464478
5 0.9260417222976685 0.47187501192092896 0.02708333730697632 0.021874994039535522
5 0.8374999761581421 0.46875 0.020833313465118408 0.05312502384185791
