1 0.8975000381469727 0.7831132411956787 0.20499998331069946 0.4243395924568176
8 0.2647187411785126 0.6530778408050537 0.08193749189376831 0.3729480803012848
0 0.9101953506469727 0.5304009914398193 0.05073434114456177 0.10811322927474976
0 0.5960937738418579 0.6726651191711426 0.17031246423721313 0.4915565848350525
0 0.8069453239440918 0.6596816182136536 0.10148435831069946 0.41992926597595215
8 0.128781259059906 0.63863205909729 0.07890625298023224 0.35731133818626404
8 0.04959374666213989 0.6399646401405334 0.08903124928474426 0.31101417541503906
0 0.4704609513282776 0.7615094184875488 0.09810939431190491 0.46877360343933105
0 0.5694375038146973 0.7122995257377625 0.06862497329711914 0.40879714488983154
8 0.23646092414855957 0.5504599213600159 0.04989062249660492 0.17705190181732178
0 0.8656874895095825 0.5302122831344604 0.04649996757507324 0.14938679337501526
0 0.42109376192092896 0.6982783079147339 0.1859375238418579 0.5333490371704102
8 0.31467968225479126 0.6085848808288574 0.05329686403274536 0.2660377621650696
8 0.3562577962875366 0.6490330696105957 0.0811719000339508 0.29575473070144653
