1 0.9704921841621399 0.47456568479537964 0.059015631675720215 0.23078393936157227
0 0.5008046627044678 0.6171186566352844 0.16776558756828308 0.5991101264953613
0 0.32148438692092896 0.6957415342330933 0.22853125631809235 0.5900000333786011
0 0.22429686784744263 0.6008791923522949 0.1485000103712082 0.5659957528114319
0 0.07423437386751175 0.5759109854698181 0.12221874296665192 0.5395762920379639
0 0.026476562023162842 0.37530720233917236 0.026234373450279236 0.10057204961776733
0 0.8983438014984131 0.38810381293296814 0.018093764781951904 0.06133472919464111
0 0.9154687523841858 0.39386653900146484 0.018281221389770508 0.05175849795341492
10 0.6421874761581421 0.5286017060279846 0.6812500357627869 0.5826271176338196
0 0.8726562261581421 0.38665252923965454 0.014062464237213135 0.04025423526763916
0 0.10468749701976776 0.367584764957428 0.018750004470348358 0.04872879385948181
