0 0.32499998807907104 0.7337499856948853 0.07500001788139343 0.2574999928474426
0 0.1875 0.7712500095367432 0.11500000953674316 0.33249998092651367
4 0.44999998807907104 0.6187499761581421 0.07000002264976501 0.11250001192092896
4 0.4950000047683716 0.5950000286102295 0.04499998688697815 0.09499996900558472
0 0.28125 0.5687500238418579 0.03750002384185791 0.09250003099441528
0 0.10374999791383743 0.6137499809265137 0.05249999463558197 0.13749998807907104
0 0.14124999940395355 0.5862500071525574 0.02250000834465027 0.10749995708465576
0 0.36124998331069946 0.5724999904632568 0.032499998807907104 0.07999998331069946
1 0.6850000023841858 0.5199999809265137 0.02499997615814209 0.025000035762786865
10 0.90625 0.6325000524520874 0.1875 0.17500001192092896
