8 0.8400000333786011 0.7074999809265137 0.06999999284744263 0.24500000476837158
8 0.9287500381469727 0.8362500071525574 0.13749998807907104 0.32249999046325684
8 0.6862499713897705 0.7250000238418579 0.0625 0.26500004529953003
8 0.7300000190734863 0.6949999928474426 0.05500000715255737 0.2250000238418579
8 0.6012499928474426 0.6937500238418579 0.06749999523162842 0.23750001192092896
0 0.5337499976158142 0.6712499856948853 0.07749998569488525 0.20749998092651367
8 0.45125001668930054 0.6449999809265137 0.052499979734420776 0.17500001192092896
8 0.4037500023841858 0.6274999976158142 0.05750000476837158 0.1499999761581421
8 0.32625001668930054 0.5924999713897705 0.04749998450279236 0.125
0 0.3662499785423279 0.5737500190734863 0.027500003576278687 0.10250002145767212
8 0.30250000953674316 0.5724999904632568 0.030000001192092896 0.10500001907348633
8 0.956250011920929 0.6474999785423279 0.08249998092651367 0.11500000953674316
8 0.8975000381469727 0.6512500047683716 0.06999999284744263 0.1625000238418579
8 0.9712499976158142 0.5687500238418579 0.04250001907348633 0.04749995470046997
1 0.20999999344348907 0.5462499856948853 0.10499998927116394 0.08249998092651367
1 0.16749998927116394 0.5287500023841858 0.04999999701976776 0.047500014305114746
1 0.14000000059604645 0.5175000429153442 0.034999996423721313 0.0350000262260437
1 0.1262499988079071 0.5 0.032499998807907104 0.029999971389770508
