3 0.947265625 0.66755211353302 0.10490620136260986 0.15802079439163208
0 0.740734338760376 0.7325833439826965 0.045499980449676514 0.17529165744781494
0 0.3876093626022339 0.7276041507720947 0.02937498688697815 0.1368333101272583
0 0.4190624952316284 0.7398229241371155 0.058562517166137695 0.13614583015441895
0 0.5850937366485596 0.7345208525657654 0.06418752670288086 0.16179168224334717
0 0.7937577962875366 0.7392187118530273 0.06757813692092896 0.15006250143051147
0 0.35884374380111694 0.742437481880188 0.04331248998641968 0.1380833387374878
0 0.2495156228542328 0.730552077293396 0.028937503695487976 0.1431041955947876
1 0.46827343106269836 0.7283124923706055 0.04935938119888306 0.10325002670288086
1 0.5332422256469727 0.7027708292007446 0.06107813119888306 0.07358336448669434
1 0.3244296908378601 0.6903437376022339 0.04467189311981201 0.06993746757507324
1 0.49712496995925903 0.6539270877838135 0.022999972105026245 0.019979119300842285
1 0.1761796772480011 0.7145208120346069 0.08245311677455902 0.09316664934158325
1 0.013507813215255737 0.7319166660308838 0.02642187476158142 0.1120833158493042
1 0.09261718392372131 0.715666651725769 0.07004687190055847 0.07633334398269653
1 0.2652031183242798 0.7339687347412109 0.02428126335144043 0.10247915983200073
1 0.7200859785079956 0.6701458692550659 0.03095310926437378 0.03658336400985718
1 0.7039296627044678 0.6665937304496765 0.020953118801116943 0.03977084159851074
1 0.6228046417236328 0.6508228778839111 0.015046894550323486 0.022854149341583252
1 0.6068984270095825 0.6576458215713501 0.027390599250793457 0.024124979972839355
2 0.4269297122955322 0.6936562061309814 0.10779687762260437 0.13856250047683716
0 0.8644297122955322 0.7335000038146973 0.025921881198883057 0.13570833206176758
0 0.8374999761581421 0.737500011920929 0.050000011920928955 0.14166665077209473
0 0.5054687261581421 0.7322916984558105 0.06093749403953552 0.1395832896232605
0 0.03828124701976776 0.734375 0.0546874962747097 0.15208327770233154
4 0.2945312261581421 0.6968749761581421 0.029687494039535522 0.08958333730697632
4 0.9039062261581421 0.78125 0.11406248807907104 0.21666669845581055
