1 0.1550000011920929 0.5774018168449402 0.3100000023841858 0.18054381012916565
1 0.48611998558044434 0.5030211210250854 0.14235997200012207 0.12990936636924744
1 0.5559999942779541 0.4955136179924011 0.09511995315551758 0.0849849283695221
0 0.03458999842405319 0.5263746380805969 0.027780000120401382 0.10344412922859192
0 0.9243699908256531 0.5479305386543274 0.06817996501922607 0.18758311867713928
1 0.3264400064945221 0.492613285779953 0.052680015563964844 0.06154078245162964
1 0.013779999688267708 0.5216767191886902 0.027559999376535416 0.052960723638534546
0 0.9914100170135498 0.45870089530944824 0.017180025577545166 0.09359514713287354
1 0.6929999589920044 0.49697884917259216 0.21799999475479126 0.15407854318618774
0 0.2280000001192093 0.4682779312133789 0.18799999356269836 0.13293048739433289
5 0.07999999821186066 0.5090634822845459 0.0560000017285347 0.08761328458786011
5 0.22099998593330383 0.6450151205062866 0.1939999908208847 0.4924471378326416
5 0.42500001192092896 0.6752265691757202 0.44599997997283936 0.6495468616485596
5 0.6679999828338623 0.5921450257301331 0.20399999618530273 0.3987915515899658
5 0.75 0.5302114486694336 0.12800002098083496 0.30513593554496765
