5 0.16398438811302185 0.470645546913147 0.04478125274181366 0.1304929554462433
1 0.8939140439033508 0.6182512044906616 0.20657813549041748 0.26964789628982544
1 0.057835936546325684 0.45319247245788574 0.11382812261581421 0.13117370009422302
0 0.7230781316757202 0.5181572437286377 0.1537187099456787 0.5493192076683044
0 0.297664076089859 0.483145534992218 0.06879687309265137 0.2966197431087494
0 0.4581249952316284 0.46786385774612427 0.01728123426437378 0.07408452033996582
0 0.4417968690395355 0.46781688928604126 0.022562503814697266 0.08291077613830566
0 0.40653908252716064 0.46672534942626953 0.01629689335823059 0.07251176238059998
0 0.3361250162124634 0.4704108238220215 0.0207500159740448 0.1171596348285675
3 0.12721873819828033 0.4226643145084381 0.2524375021457672 0.12809860706329346
