1 0.7671250104904175 0.822429895401001 0.46574997901916504 0.35514020919799805
1 0.44181251525878906 0.7222195863723755 0.11878123879432678 0.07621496915817261
1 0.1514921933412552 0.7392172813415527 0.13292187452316284 0.06647193431854248
1 0.3983203172683716 0.6916354894638062 0.028609395027160645 0.028504669666290283
0 0.48661720752716064 0.6834112405776978 0.024484366178512573 0.029205620288848877
1 0.47993749380111694 0.6684929728507996 0.015593767166137695 0.0157243013381958
0 0.014742187224328518 0.7727336287498474 0.029484374448657036 0.1208411455154419
0 0.8822343945503235 0.696401834487915 0.06209373474121094 0.169766366481781
0 0.7728437185287476 0.6706308126449585 0.03703123331069946 0.045514047145843506
0 0.23119531571865082 0.7103855609893799 0.017140626907348633 0.055303752422332764
1 0.4410937428474426 0.6765303611755371 0.018937498331069946 0.01969623565673828
1 0.7347421646118164 0.6707359552383423 0.03504687547683716 0.03474301099777222
1 0.41007813811302185 0.6859813332557678 0.016812503337860107 0.02612149715423584
2 0.4747968912124634 0.6457710266113281 0.01434376835823059 0.022476673126220703
1 0.4114453196525574 0.6778621673583984 0.021484375 0.026892542839050293
2 0.029179686680436134 0.7355841398239136 0.05835937336087227 0.057570040225982666
1 0.4284140467643738 0.6755724549293518 0.01235935091972351 0.026238322257995605
1 0.4296875 0.6596027612686157 0.01337498426437378 0.013177573680877686
0 0.908679723739624 0.6975116729736328 0.06348437070846558 0.19081777334213257
