0 0.028750000521540642 0.5787500143051147 0.057500001043081284 0.10250002145767212
0 0.1875 0.5637500286102295 0.034999996423721313 0.0675000548362732
0 0.3762500286102295 0.5674999952316284 0.032499998807907104 0.07500004768371582
0 0.5275000333786011 0.5924999713897705 0.04000002145767212 0.10999995470046997
0 0.5712499618530273 0.5537499785423279 0.0274999737739563 0.05750000476837158
0 0.7524999976158142 0.5850000381469727 0.04999995231628418 0.0899999737739563
0 0.8500000238418579 0.5662499666213989 0.04500001668930054 0.09250003099441528
0 0.6137499809265137 0.5737500190734863 0.03249996900558472 0.07749998569488525
0 0.5737500190734863 0.625 0.04250001907348633 0.12999999523162842
0 0.6737500429153442 0.6412500143051147 0.10750001668930054 0.1524999737739563
0 0.8112499713897705 0.5387499928474426 0.02249997854232788 0.07749998569488525
0 0.9837499856948853 0.5525000095367432 0.0274999737739563 0.09500002861022949
