0 0.03999999910593033 0.8412500023841858 0.07500000298023224 0.3125
0 0.07124999910593033 0.7837499976158142 0.08249999582767487 0.18250000476837158
0 0.14499999582767487 0.7950000166893005 0.08999999612569809 0.26999998092651367
0 0.25 0.8424999713897705 0.11000001430511475 0.3100000023841858
0 0.35624998807907104 0.8412500023841858 0.1274999976158142 0.3125
0 0.4737499952316284 0.8075000047683716 0.07249999046325684 0.2799999713897705
0 0.5299999713897705 0.762499988079071 0.08499997854232788 0.13999998569488525
0 0.5575000047683716 0.8550000190734863 0.13499999046325684 0.27500003576278687
0 0.7425000071525574 0.7962499856948853 0.09000003337860107 0.2774999737739563
0 0.8937499523162842 0.8212500214576721 0.14249998331069946 0.32249999046325684
0 0.9637500047683716 0.6987500190734863 0.05750000476837158 0.12250000238418579
8 0.07625000178813934 0.6362500190734863 0.05249999836087227 0.10750001668930054
8 0.12999999523162842 0.6274999976158142 0.05000000447034836 0.09000003337860107
8 0.17625001072883606 0.6187499761581421 0.042500004172325134 0.07750004529953003
8 0.2562499940395355 0.6087499856948853 0.042500004172325134 0.0625
8 0.32749998569488525 0.6124999523162842 0.04999998211860657 0.050000011920928955
8 0.38499999046325684 0.6337500214576721 0.05500000715255737 0.0625
8 0.4337500035762787 0.6449999809265137 0.052500009536743164 0.07499998807907104
8 0.5087500214576721 0.6712499856948853 0.06250002980232239 0.10750001668930054
8 0.5987499952316284 0.6362500190734863 0.047500014305114746 0.14249998331069946
8 0.4737499952316284 0.6225000023841858 0.032499998807907104 0.07500004768371582
8 0.29374998807907104 0.6074999570846558 0.03749999403953552 0.05500000715255737
8 0.21875 0.5912500023841858 0.03749999403953552 0.0625
8 0.05250000208616257 0.6024999618530273 0.04500000178813934 0.06499999761581421
8 0.01875000074505806 0.5887500047683716 0.032499998807907104 0.08749997615814209
1 0.26500001549720764 0.7637499570846558 0.3850000202655792 0.2524999976158142
8 0.5475000143051147 0.6000000238418579 0.029999971389770508 0.06000000238418579
8 0.5612499713897705 0.6499999761581421 0.03249996900558472 0.0899999737739563
