10 0.23281249403953552 0.4834558963775635 0.0572916716337204 0.04779413342475891
10 0.4651041626930237 0.47150734066963196 0.028124988079071045 0.06801468133926392
11 0.48750001192092896 0.5965073704719543 0.03125 0.08639705181121826
1 0.12968750298023224 0.5946691036224365 0.16770833730697632 0.17463237047195435
1 0.36406248807907104 0.7738970518112183 0.18020835518836975 0.26838231086730957
1 0.19374999403953552 0.5009191036224365 0.0416666716337204 0.04595586657524109
2 0.08541666716337204 0.517463207244873 0.05416666343808174 0.04595586657524109
1 0.43281251192092896 0.47702205181121826 0.015625 0.03125
1 0.37291666865348816 0.4696691036224365 0.016666650772094727 0.02022060751914978
1 0.3322916626930237 0.46691176295280457 0.022916674613952637 0.018382370471954346
1 0.39270833134651184 0.47058823704719543 0.014583349227905273 0.018382370471954346
1 0.4125000238418579 0.4696691036224365 0.010416656732559204 0.01654413342475891
0 0.49687498807907104 0.5193014740943909 0.012500017881393433 0.06433823704719543
