0 0.22749999165534973 0.8262499570846558 0.10999999940395355 0.26249998807907104
0 0.6837500333786011 0.8474999666213989 0.1274999976158142 0.30000001192092896
9 0.5224999785423279 0.6612499952316284 0.09999999403953552 0.10749995708465576
4 0.2475000023841858 0.6187499761581421 0.11500000953674316 0.0975000262260437
1 0.22749999165534973 0.5762500166893005 0.06999999284744263 0.0625
9 0.49000000953674316 0.6387499570846558 0.0599999725818634 0.11250001192092896
9 0.41624999046325684 0.6037499904632568 0.05750000476837158 0.08249998092651367
0 0.793749988079071 0.6512500047683716 0.047500014305114746 0.17250001430511475
9 0.7112500071525574 0.6775000095367432 0.0625 0.14499998092651367
0 0.8500000238418579 0.6387500166893005 0.06499999761581421 0.1875
