4 0.02250000089406967 0.5674999952316284 0.03999999910593033 0.05500000715255737
3 0.35624998807907104 0.5112500190734863 0.0925000011920929 0.05750003457069397
0 0.6074999570846558 0.5237500071525574 0.030000030994415283 0.04250001907348633
0 0.7462500333786011 0.6100000143051147 0.037499964237213135 0.09500002861022949
0 0.8212500214576721 0.6225000023841858 0.05750000476837158 0.12999999523162842
0 0.7699999809265137 0.5987499952316284 0.030000030994415283 0.09749996662139893
0 0.8550000190734863 0.5587500333786011 0.030000030994415283 0.08250004053115845
8 0.9199999570846558 0.5837500095367432 0.0350000262260437 0.09749996662139893
8 0.9587500095367432 0.5862500071525574 0.04250001907348633 0.10249996185302734
8 0.887499988079071 0.5625 0.029999971389770508 0.08500003814697266
8 0.8075000047683716 0.5462499856948853 0.02499997615814209 0.052500009536743164
0 0.7362500429153442 0.5275000333786011 0.02249997854232788 0.050000011920928955
