3 0.6005077958106995 0.47078555822372437 0.7138593792915344 0.8876558542251587
0 0.02968750149011612 0.6539651155471802 0.012125002220273018 0.06129676103591919
0 0.03684375062584877 0.6456359028816223 0.006781250238418579 0.049675822257995605
1 0.0625312477350235 0.6406733393669128 0.0364687517285347 0.03800499439239502
1 0.05234374850988388 0.6234413981437683 0.01718750223517418 0.02493762969970703
1 0.06718750298023224 0.618453860282898 0.012499995529651642 0.009975075721740723
1 0.09453125298023224 0.6197007298469543 0.03593749552965164 0.02244389057159424
1 0.14218750596046448 0.6209475994110107 0.015625 0.024937689304351807
0 0.15859374403953552 0.6209475994110107 0.014062508940696716 0.024937689304351807
1 0.19062499701976776 0.6159601211547852 0.05312499403953552 0.04488778114318848
3 0.20624999701976776 0.5985037684440613 0.03125 0.04488778114318848
