1 0.39914000034332275 0.7310667037963867 0.15439999103546143 0.14714664220809937
0 0.9112600088119507 0.7538399696350098 0.17747998237609863 0.47471994161605835
0 0.3223299980163574 0.7216799855232239 0.01933997869491577 0.09402668476104736
1 0.49845001101493835 0.7302800416946411 0.07598000764846802 0.09421330690383911
1 0.540179967880249 0.7033466696739197 0.03800004720687866 0.034693360328674316
0 0.8253400325775146 0.6993200182914734 0.01747995615005493 0.05565333366394043
0 0.8492599725723267 0.7026399970054626 0.015600025653839111 0.04629337787628174
2 0.7038600444793701 0.718666672706604 0.1740400195121765 0.25333333015441895
1 0.580780029296875 0.7437333464622498 0.10592001676559448 0.11471998691558838
1 0.800000011920929 0.7400000095367432 0.019999980926513672 0.09333336353302002
1 0.800000011920929 0.7133333683013916 0.016000032424926758 0.04533332586288452
0 0.2939999997615814 0.7400000095367432 0.04799997806549072 0.12000000476837158
