0 0.6124999523162842 0.6212500333786011 0.06999999284744263 0.13249999284744263
0 0.7150000333786011 0.7312500476837158 0.10499995946884155 0.23250001668930054
0 0.8162500262260437 0.8300000429153442 0.19249999523162842 0.3349999785423279
0 0.8400000333786011 0.6599999666213989 0.06499999761581421 0.1600000262260437
0 0.5099999904632568 0.8137500286102295 0.14499998092651367 0.3024999499320984
0 0.24500000476837158 0.7137500047683716 0.08999998867511749 0.23749995231628418
0 0.6625000238418579 0.5575000047683716 0.04000002145767212 0.05500000715255737
9 0.2199999988079071 0.5962499976158142 0.03999999165534973 0.04250001907348633
9 0.2862499952316284 0.6037499904632568 0.03749999403953552 0.07249999046325684
9 0.3137499988079071 0.59375 0.0274999737739563 0.052500009536743164
9 0.07124999910593033 0.6024999618530273 0.07750000059604645 0.07999998331069946
