1 0.36641407012939453 0.6348333358764648 0.1127031147480011 0.11087501049041748
1 0.4319531321525574 0.6385312676429749 0.045249998569488525 0.08989584445953369
1 0.444398432970047 0.6315729022026062 0.06973439455032349 0.0896458625793457
1 0.48710936307907104 0.6312083005905151 0.04278123378753662 0.08262497186660767
1 0.5393906831741333 0.6252604126930237 0.045249998569488525 0.0664374828338623
1 0.511523425579071 0.6282812356948853 0.04148435592651367 0.06877082586288452
1 0.6128515601158142 0.6237812042236328 0.021046876907348633 0.044479191303253174
1 0.6698281764984131 0.6352083683013916 0.09775000810623169 0.08308333158493042
1 0.5639843940734863 0.6233749985694885 0.026312530040740967 0.05520832538604736
1 0.587234377861023 0.6199062466621399 0.039749979972839355 0.05635416507720947
1 0.6799921989440918 0.6077916622161865 0.07120311260223389 0.04058337211608887
0 0.11953124403953552 0.7875000238418579 0.1796875 0.3791666626930237
