0 0.47874999046325684 0.7212499976158142 0.1525000035762787 0.2424999475479126
0 0.3100000023841858 0.7400000095367432 0.09000000357627869 0.26499998569488525
0 0.3787499964237213 0.7200000286102295 0.04250001907348633 0.14500004053115845
0 0.4737499952316284 0.643750011920929 0.03749999403953552 0.07249999046325684
0 0.5674999952316284 0.59375 0.04499995708465576 0.09249997138977051
0 0.8050000071525574 0.6712499856948853 0.08000004291534424 0.17750000953674316
0 0.9237499833106995 0.5662499666213989 0.047500014305114746 0.07250005006790161
0 0.8774999976158142 0.5637500286102295 0.029999971389770508 0.0625
0 0.10124999284744263 0.6749999523162842 0.057499997317790985 0.17000001668930054
0 0.042500000447034836 0.6625000238418579 0.07499999552965164 0.16500002145767212
2 0.12250000238418579 0.5837500095367432 0.24500000476837158 0.12250000238418579
0 0.6800000071525574 0.565000057220459 0.019999980926513672 0.06000000238418579
0 0.8224999904632568 0.5612499713897705 0.029999971389770508 0.0675000548362732
0 0.6599999666213989 0.5399999618530273 0.01500004529953003 0.04500001668930054
0 0.6349999904632568 0.5549999475479126 0.02499997615814209 0.06999999284744263
1 0.2737500071525574 0.5562499761581421 0.10249999165534973 0.037499964237213135
1 0.4137499928474426 0.5425000190734863 0.08750000596046448 0.030000030994415283
0 0.981249988079071 0.6225000023841858 0.03750002384185791 0.13499999046325684
