0 0.06999999284744263 0.7787500023841858 0.1249999925494194 0.29250001907348633
0 0.14875000715255737 0.7137500047683716 0.19750000536441803 0.2625000476837158
0 0.27125000953674316 0.6137499809265137 0.0625000149011612 0.17250001430511475
0 0.3112500011920929 0.6175000071525574 0.052500009536743164 0.13999998569488525
0 0.5275000333786011 0.543749988079071 0.0350000262260437 0.05750000476837158
3 0.5262500047683716 0.5074999928474426 0.15250003337860107 0.05000004172325134
0 0.5562499761581421 0.53125 0.02249997854232788 0.03250002861022949
2 0.8962500095367432 0.612500011920929 0.20749998092651367 0.21500003337860107
0 0.07249999791383743 0.5362499952316284 0.029999997466802597 0.05750000476837158
3 0.26499998569488525 0.4987499713897705 0.10999999940395355 0.03749999403953552
3 0.38374999165534973 0.5012499690055847 0.11250001192092896 0.04749998450279236
0 0.42875000834465027 0.5212500095367432 0.007499992847442627 0.03750002384185791
2 0.7599999904632568 0.5225000381469727 0.06999999284744263 0.030000030994415283
