2 0.0637499988079071 0.5674999952316284 0.12250000238418579 0.10000002384185791
0 0.17374999821186066 0.5549999475479126 0.032499998807907104 0.050000011920928955
1 0.2574999928474426 0.6212500333786011 0.23499999940395355 0.11250001192092896
0 0.22624999284744263 0.5425000190734863 0.017499998211860657 0.04000002145767212
0 0.2462500035762787 0.5412499904632568 0.017499998211860657 0.04250001907348633
0 0.45125001668930054 0.5600000023841858 0.027500003576278687 0.0549999475479126
10 0.4000000059604645 0.5175000429153442 0.06999999284744263 0.0350000262260437
1 0.5687500238418579 0.5349999666213989 0.04249995946884155 0.0350000262260437
0 0.7574999928474426 0.5299999713897705 0.02499997615814209 0.04000002145767212
0 0.8050000071525574 0.5387499928474426 0.029999971389770508 0.03250002861022949
0 0.9437500238418579 0.5387499928474426 0.03249996900558472 0.052500009536743164
1 0.9087499976158142 0.8262499570846558 0.17750000953674316 0.3425000309944153
1 0.5550000071525574 0.6899999976158142 0.35500001907348633 0.20500004291534424
1 0.2162500023841858 0.8075000047683716 0.4325000047683716 0.3799999952316284
