2 0.5449999570846558 0.5112500190734863 0.04000002145767212 0.04250001907348633
0 0.6200000047683716 0.5699999928474426 0.02499997615814209 0.09000003337860107
4 0.6662499904632568 0.5612499713897705 0.0625 0.0625
0 0.9474999904632568 0.7612500190734863 0.10000002384185791 0.29750001430511475
0 0.3987500071525574 0.6899999976158142 0.0625 0.20500004291534424
0 0.30250000953674316 0.7037500143051147 0.09000000357627869 0.2475000023841858
0 0.03999999910593033 0.7599999904632568 0.07500000298023224 0.28999996185302734
0 0.1875 0.7087500095367432 0.06999999284744263 0.24250000715255737
9 0.8300000429153442 0.6012499928474426 0.05500000715255737 0.08249998092651367
9 0.7775000333786011 0.5962499976158142 0.04500001668930054 0.07749998569488525
