6 0.3672700524330139 0.5532578229904175 0.06741684675216675 0.06504690647125244
0 0.31855183839797974 0.4526953101158142 0.22786691784858704 0.21789062023162842
10 0.6218101978302002 0.6619531512260437 0.7563796639442444 0.49678125977516174
0 0.15274950861930847 0.16866406798362732 0.14452055096626282 0.23842187225818634
0 0.3058806359767914 0.210812509059906 0.09313112497329712 0.0898437649011612
0 0.5480723977088928 0.4919765591621399 0.1403326690196991 0.2272968590259552
0 0.6958023309707642 0.030867187306284904 0.09896284341812134 0.06173437461256981
0 0.24268101155757904 0.18165624141693115 0.09737768769264221 0.17112499475479126
6 0.11154599487781525 0.19218750298023224 0.09393347054719925 0.16562500596046448
0 0.0538160465657711 0.16093750298023224 0.09980430454015732 0.23749999701976776
0 0.6614481210708618 0.19453124701976776 0.08219176530838013 0.14218750596046448
0 0.31506848335266113 0.1328125 0.07045009732246399 0.15312498807907104
0 0.15655577182769775 0.06484375149011612 0.12133073061704636 0.09843750298023224
0 0.37084150314331055 0.16562500596046448 0.07632091641426086 0.10000000149011612
0 0.4461839497089386 0.15390625596046448 0.0900195837020874 0.11406250298023224
6 0.6017612218856812 0.22265625 0.0450097918510437 0.0546875
0 0.5518590807914734 0.13593749701976776 0.0978473424911499 0.20000000298023224
0 0.4823874831199646 0.12109375 0.05675148963928223 0.12343749403953552
6 0.4363992214202881 0.08828125149011612 0.050880610942840576 0.0546875
0 0.37769079208374023 0.046875 0.10567513108253479 0.08750000596046448
0 0.3845401406288147 0.06953124701976776 0.07240703701972961 0.0546874962747097
0 0.47749513387680054 0.03359375149011612 0.09784737229347229 0.06718750298023224
6 0.733855128288269 0.22187501192092896 0.07827788591384888 0.20000000298023224
6 0.7808219194412231 0.23906250298023224 0.07436394691467285 0.15000000596046448
6 0.8219177722930908 0.2671874761581421 0.07436400651931763 0.16249999403953552
0 0.8718199729919434 0.24062499403953552 0.1076321005821228 0.25
0 0.8199608325958252 0.12265625596046448 0.09001952409744263 0.1171875074505806
0 0.7984344363212585 0.08515624701976776 0.05870842933654785 0.0859375
0 0.9324853420257568 0.10625000298023224 0.06066536903381348 0.07187500596046448
0 0.8131115436553955 0.04609375074505806 0.11154603958129883 0.06406249850988388
0 0.0978473573923111 0.02734375 0.058708421885967255 0.05156250298023224
0 0.6545988321304321 0.1015625 0.10371816158294678 0.06562500447034836
0 0.6281800270080566 0.14921873807907104 0.0626223087310791 0.08906249701976776
0 0.9334638118743896 0.04999999701976776 0.06653618812561035 0.0624999962747097
0 0.05870841443538666 0.046875 0.0626223087310791 0.07500000298023224
