0 0.1574999988079071 0.6024999618530273 0.03999999165534973 0.07999998331069946
0 0.19499999284744263 0.5800000429153442 0.019999995827674866 0.07999998331069946
0 0.4399999976158142 0.5887500047683716 0.02499997615814209 0.07249999046325684
0 0.2737500071525574 0.71875 0.11250001192092896 0.24749994277954102
0 0.7412499785423279 0.7262499928474426 0.07749998569488525 0.20249998569488525
0 0.5225000381469727 0.6112500429153442 0.030000030994415283 0.11250001192092896
0 0.5550000071525574 0.6175000071525574 0.034999966621398926 0.12000000476837158
1 0.29874998331069946 0.5225000381469727 0.04249998927116394 0.020000040531158447
1 0.20750001072883606 0.5512499809265137 0.07000000774860382 0.037499964237213135
0 0.5850000381469727 0.59375 0.020000040531158447 0.08749997615814209
0 0.7675000429153442 0.6024999618530273 0.04000002145767212 0.09999996423721313
0 0.8250000476837158 0.6012499928474426 0.04000002145767212 0.09749996662139893
0 0.8875000476837158 0.6062500476837158 0.06999999284744263 0.10250002145767212
0 0.9612500071525574 0.6537500023841858 0.07749998569488525 0.15250003337860107
