0 0.0949999988079071 0.6262500286102295 0.06000000238418579 0.16249996423721313
0 0.606249988079071 0.7150000333786011 0.08749997615814209 0.21999996900558472
0 0.8400000333786011 0.7612500190734863 0.15500003099441528 0.2774999737739563
0 0.36000001430511475 0.6137499809265137 0.03999999165534973 0.14749997854232788
0 0.23250000178813934 0.574999988079071 0.03999999165534973 0.10500001907348633
0 0.45375001430511475 0.5499999523162842 0.027500003576278687 0.07499998807907104
5 0.044999998062849045 0.6237499713897705 0.08500000089406967 0.15749996900558472
0 0.26999998092651367 0.5499999523162842 0.025000005960464478 0.06999999284744263
0 0.13374999165534973 0.5499999523162842 0.04749999940395355 0.05500000715255737
0 0.3037499785423279 0.5349999666213989 0.02250000834465027 0.05500000715255737
