0 0.6737500429153442 0.5962499976158142 0.03249996900558472 0.08249998092651367
0 0.6349999904632568 0.5774999856948853 0.034999966621398926 0.07999998331069946
0 0.5662499666213989 0.5225000381469727 0.012499988079071045 0.0350000262260437
0 0.42124998569488525 0.5924999713897705 0.032499998807907104 0.07499998807907104
0 0.4074999988079071 0.5800000429153442 0.019999980926513672 0.06999999284744263
1 0.5237500071525574 0.5199999809265137 0.027500033378601074 0.030000030994415283
0 0.06624999642372131 0.8149999976158142 0.1274999976158142 0.21500003337860107
9 0.1537500023841858 0.71875 0.09750000387430191 0.1174999475479126
9 0.2150000035762787 0.6850000023841858 0.06000000238418579 0.10500001907348633
9 0.06624999642372131 0.6912500262260437 0.07750000059604645 0.0625
9 0.2475000023841858 0.6662499904632568 0.04500001668930054 0.07749998569488525
9 0.29124999046325684 0.6287499666213989 0.04249998927116394 0.05249994993209839
0 0.3374999761581421 0.6124999523162842 0.034999996423721313 0.06499999761581421
