1 0.06199999898672104 0.661288857460022 0.11793750524520874 0.13546663522720337
10 0.3278124928474426 0.6173666715621948 0.07603123784065247 0.09153330326080322
1 0.24146094918251038 0.5890333652496338 0.034421876072883606 0.049799978733062744
10 0.28785157203674316 0.6064444780349731 0.07235938310623169 0.07160001993179321
2 0.2886328101158142 0.586388885974884 0.07182812690734863 0.03859996795654297
5 0.9600546956062317 0.8738111257553101 0.07989060878753662 0.1553555727005005
0 0.8748593330383301 0.6502777338027954 0.04456251859664917 0.16193336248397827
0 0.8528202772140503 0.6115111112594604 0.024546921253204346 0.07400000095367432
0 0.9260859489440918 0.6533111333847046 0.04764062166213989 0.14906662702560425
0 0.16521093249320984 0.5996333360671997 0.02864062786102295 0.06206667423248291
10 0.5764296650886536 0.6024777889251709 0.4370780885219574 0.558555543422699
10 0.1573750078678131 0.5847889184951782 0.03753124177455902 0.04046672582626343
