4 0.6875 0.6212500333786011 0.11000001430511475 0.09250003099441528
4 0.53125 0.5787500143051147 0.09749999642372131 0.06749999523162842
0 0.7762500047683716 0.7262499928474426 0.08749997615814209 0.26750004291534424
0 0.925000011920929 0.8262499570846558 0.1499999761581421 0.3475000262260437
0 0.5912500023841858 0.5412499904632568 0.047500014305114746 0.05750000476837158
4 0.46875 0.5525000095367432 0.07749998569488525 0.05500000715255737
1 0.21875 0.5087499618530273 0.02250000834465027 0.02249997854232788
4 0.35374999046325684 0.5600000023841858 0.05750000476837158 0.04999995231628418
4 0.08749999850988388 0.5750000476837158 0.06499999761581421 0.06000000238418579
4 0.042500000447034836 0.6150000095367432 0.08000000566244125 0.09000003337860107
