5 0.76171875 0.7520833015441895 0.1703125238418579 0.4958333373069763
5 0.40010157227516174 0.794208288192749 0.14429688453674316 0.40987497568130493
5 0.12031249701976776 0.7708749771118164 0.24062499403953552 0.45408332347869873
5 0.530468761920929 0.7710103988647461 0.15156248211860657 0.37464582920074463
5 0.656374990940094 0.7149895429611206 0.07599997520446777 0.2658541798591614
5 0.4303281307220459 0.6299062371253967 0.038093745708465576 0.09331250190734863
0 0.26990625262260437 0.6195416450500488 0.030937492847442627 0.09829169511795044
0 0.30515623092651367 0.606124997138977 0.02287498116493225 0.0836249589920044
0 0.2222031205892563 0.6196770668029785 0.02799999713897705 0.09756249189376831
1 0.7167812585830688 0.5810937881469727 0.021062493324279785 0.01672917604446411
0 0.038343749940395355 0.6140729188919067 0.07625000178813934 0.11914587020874023
0 0.017687499523162842 0.5904375314712524 0.035374999046325684 0.11420828104019165
3 0.8110156059265137 0.5759687423706055 0.06909376382827759 0.11493754386901855
0 0.14531250298023224 0.621874988079071 0.04062500596046448 0.12708330154418945
5 0.46953123807907104 0.6541666984558105 0.05156251788139343 0.1666666865348816
0 0.3335937559604645 0.6104166507720947 0.0234375 0.07916665077209473
