1 0.1992499977350235 0.5853906273841858 0.398499995470047 0.42921876907348633
1 0.2942187488079071 0.3948984146118164 0.23656249046325684 0.11332812905311584
1 0.33829164505004883 0.3499062657356262 0.17649999260902405 0.09334376454353333
1 0.5685728788375854 0.3260546922683716 0.049104154109954834 0.034078121185302734
1 0.43794792890548706 0.3264843821525574 0.02172917127609253 0.019937515258789062
3 0.7982812523841858 0.2932812571525574 0.4034374952316284 0.5861250162124634
7 0.620437502861023 0.5566953420639038 0.2744166851043701 0.49776560068130493
0 0.0651874989271164 0.3588828146457672 0.029666662216186523 0.04776561260223389
0 0.08948957920074463 0.3527265787124634 0.0326041653752327 0.05617186427116394
0 0.11753125488758087 0.3568671941757202 0.04314584285020828 0.04342186450958252
0 0.16082291305065155 0.35062500834465027 0.04472917318344116 0.05750000476837158
7 0.645604133605957 0.7656093835830688 0.12804168462753296 0.11356246471405029
0 0.10579166561365128 0.32899218797683716 0.020624995231628418 0.024015605449676514
0 0.20616666972637177 0.33239060640335083 0.0247499942779541 0.03171876072883606
0 0.07148958742618561 0.33321094512939453 0.024104170501232147 0.026265621185302734
0 0.19198958575725555 0.3319374918937683 0.021812498569488525 0.03878125548362732
0 0.16991665959358215 0.33024218678474426 0.027583345770835876 0.030765652656555176
3 0.47565627098083496 0.31162500381469727 0.06697919964790344 0.06681251525878906
0 0.054333336651325226 0.33753907680511475 0.019541669636964798 0.030265599489212036
1 0.9770833253860474 0.7906249761581421 0.041666626930236816 0.30625003576278687
0 0.125 0.32734376192092896 0.0208333358168602 0.0234375
3 0.5479166507720947 0.30078125 0.04583334922790527 0.02968752384185791
