1 0.43831998109817505 0.6991466283798218 0.14615997672080994 0.1703999638557434
1 0.6724799871444702 0.67603999376297 0.09604001045227051 0.08258664608001709
1 0.740119993686676 0.6665999889373779 0.11267995834350586 0.06770670413970947
1 0.5350599884986877 0.6825599670410156 0.10119998455047607 0.07888001203536987
0 0.8371100425720215 0.6898800134658813 0.08737999200820923 0.22807997465133667
1 0.9554500579833984 0.6563600301742554 0.08641999959945679 0.07927995920181274
10 0.7020800113677979 0.6170933246612549 0.0881199836730957 0.05722665786743164
0 0.2290000021457672 0.653333306312561 0.030000001192092896 0.042666614055633545
1 0.6779999732971191 0.6586666703224182 0.09600001573562622 0.05866670608520508
0 0.8680000305175781 0.6666666865348816 0.015999972820281982 0.06400001049041748
1 0.17599999904632568 0.7080000042915344 0.03200000524520874 0.07200002670288086
1 0.06499999761581421 0.721333384513855 0.04200000315904617 0.15200001001358032
0 0.8910000324249268 0.6346666812896729 0.02599996328353882 0.04266667366027832
5 0.6059999465942383 0.7053333520889282 0.06000000238418579 0.2160000205039978
