3 0.2670312523841858 0.6152693033218384 0.46143752336502075 0.6258548498153687
0 0.5438828468322754 0.6450117230415344 0.019421875476837158 0.0545198917388916
0 0.6935077905654907 0.6597306728363037 0.023859381675720215 0.08344262838363647
0 0.6799765825271606 0.6517915725708008 0.009890615940093994 0.05337238311767578
0 0.8280234336853027 0.6624355912208557 0.013921856880187988 0.09836065769195557
0 0.5645624995231628 0.6421896815299988 0.01621878147125244 0.039273977279663086
1 0.03300781175494194 0.7013466358184814 0.06601562350988388 0.24222487211227417
10 0.9211093783378601 0.5829625129699707 0.15778124332427979 0.7981967329978943
0 0.5193905830383301 0.6415573954582214 0.007937490940093994 0.036838412284851074
0 0.5049296617507935 0.6394145488739014 0.011015623807907104 0.04290395975112915
0 0.7678672075271606 0.6700468063354492 0.10820311307907104 0.13512879610061646
2 0.7677500247955322 0.6713934540748596 0.11328125 0.13271665573120117
2 0.7076483964920044 0.657014012336731 0.022453129291534424 0.07880562543869019
0 0.8428906202316284 0.6672248244285583 0.012343764305114746 0.08672130107879639
0 0.8180937767028809 0.644496500492096 0.009437501430511475 0.035035133361816406
0 0.6303983926773071 0.6537939310073853 0.013828098773956299 0.06529277563095093
