4 0.11249999701976776 0.6087499856948853 0.06999999284744263 0.11250001192092896
2 0.13374999165534973 0.5349999666213989 0.057499997317790985 0.06000000238418579
1 0.19499999284744263 0.5487499833106995 0.04999999701976776 0.047500014305114746
11 0.7012499570846558 0.5962499976158142 0.10250002145767212 0.08249998092651367
8 0.5399999618530273 0.6000000238418579 0.025000035762786865 0.10499995946884155
8 0.5162500143051147 0.5962499976158142 0.02249997854232788 0.08749997615814209
8 0.4087499976158142 0.5737500190734863 0.027500003576278687 0.07749998569488525
8 0.4412499964237213 0.5837500095367432 0.02249997854232788 0.08249998092651367
8 0.5012500286102295 0.5774999856948853 0.02249997854232788 0.08499997854232788
8 0.4662500023841858 0.5724999904632568 0.02249997854232788 0.07499998807907104
0 0.815000057220459 0.6712499856948853 0.06000000238418579 0.1875
5 0.7450000047683716 0.6887500286102295 0.12000000476837158 0.11750000715255737
4 0.8824999928474426 0.637499988079071 0.08000004291534424 0.12000000476837158
4 0.9700000286102295 0.6362500190734863 0.05500000715255737 0.11250001192092896
