3 0.2595599889755249 0.2022400051355362 0.5123599767684937 0.30112001299858093
1 0.022280000150203705 0.40674668550491333 0.04339999705553055 0.13466665148735046
3 0.7497600317001343 0.17205333709716797 0.5004799962043762 0.3384000062942505
1 0.8149999976158142 0.3306666612625122 0.3619999885559082 0.19200001657009125
1 0.14100000262260437 0.36133331060409546 0.27799999713897705 0.19466665387153625
4 0.13600000739097595 0.527999997138977 0.2720000147819519 0.47466668486595154
4 0.49300000071525574 0.5253333449363708 0.31800001859664917 0.5333333015441895
4 0.3400000035762787 0.45866668224334717 0.14399999380111694 0.437333345413208
4 0.6599999666213989 0.4346666634082794 0.2399999499320984 0.4480000138282776
4 0.8530000448226929 0.42399999499320984 0.2900000214576721 0.3893333077430725
4 0.9249999523162842 0.3479999899864197 0.1420000195503235 0.25333333015441895
