1 0.11200781166553497 0.7266260385513306 0.15360936522483826 0.13531166315078735
3 0.6720077991485596 0.5945935249328613 0.6505781412124634 0.6914634108543396
0 0.3274765610694885 0.6682519912719727 0.01451563835144043 0.07292681932449341
0 0.3131093680858612 0.6680080890655518 0.015281260013580322 0.06842821836471558
0 0.3402968645095825 0.6705013513565063 0.013718754053115845 0.07753384113311768
0 0.3319453001022339 0.6346612572669983 0.0085468590259552 0.025365829467773438
1 0.23844531178474426 0.6914092302322388 0.12376563251018524 0.16189700365066528
0 0.2914062440395355 0.6260162591934204 0.0078125 0.021680235862731934
1 0.1875 0.6341463327407837 0.034375011920928955 0.02710026502609253
1 0.07656250149011612 0.6463414430618286 0.03749999776482582 0.04065042734146118
