0 0.8862500190734863 0.6487500071525574 0.09250003099441528 0.18250000476837158
9 0.6787500381469727 0.7674999833106995 0.13249999284744263 0.2250000238418579
9 0.574999988079071 0.7587499618530273 0.11000001430511475 0.21750003099441528
0 0.08499999344348907 0.6712499856948853 0.09499999135732651 0.26749998331069946
9 0.14500001072883606 0.762499988079071 0.10500000417232513 0.2250000238418579
9 0.2524999976158142 0.7587499618530273 0.0950000137090683 0.20750004053115845
9 0.26249998807907104 0.6337499618530273 0.09000000357627869 0.0975000262260437
9 0.3512499928474426 0.6499999761581421 0.0625 0.09499996900558472
9 0.5512499809265137 0.643750011920929 0.047500014305114746 0.08749997615814209
9 0.3712500035762787 0.7799999713897705 0.11250001192092896 0.23499995470046997
9 0.47749999165534973 0.7887499928474426 0.08499997854232788 0.2825000286102295
