0 0.8313671946525574 0.4241686165332794 0.0344843864440918 0.19999998807907104
0 0.8837499618530273 0.4292154312133789 0.06975001096725464 0.22269317507743835
0 0.7604687213897705 0.39050352573394775 0.017250001430511475 0.06039813160896301
8 0.0790703147649765 0.44454333186149597 0.0370781272649765 0.16444963216781616
8 0.11011718958616257 0.4413934350013733 0.021265625953674316 0.1522950828075409
4 0.12872657179832458 0.4481498599052429 0.022359386086463928 0.1653864085674286
8 0.1469687521457672 0.4421311318874359 0.019999995827674866 0.14182668924331665
0 0.8099843263626099 0.44218969345092773 0.028718769550323486 0.1887822151184082
0 0.8701015710830688 0.3492271602153778 0.021921873092651367 0.041217803955078125
8 0.08281250298023224 0.3758782148361206 0.02187500149011612 0.03981265425682068
