1 0.24582292139530182 0.7972031235694885 0.49164584279060364 0.3514688014984131
2 0.06631249934434891 0.6222265958786011 0.10312500596046448 0.13992184400558472
1 0.025729166343808174 0.5782265663146973 0.05145833268761635 0.08848440647125244
0 0.14277082681655884 0.40971094369888306 0.048541657626628876 0.03604686260223389
0 0.35987499356269836 0.36500000953674316 0.038583338260650635 0.020500004291534424
1 0.07982291281223297 0.4858359098434448 0.08743750303983688 0.03532811999320984
1 0.7251354455947876 0.3669687509536743 0.08997911214828491 0.057718753814697266
1 0.555843710899353 0.3607499897480011 0.08668750524520874 0.04081249237060547
1 0.5969687700271606 0.3597734272480011 0.04252082109451294 0.03885936737060547
0 0.4359062612056732 0.34825000166893005 0.039937496185302734 0.04253125190734863
2 0.8723124861717224 0.672531247138977 0.2553750276565552 0.41340625286102295
1 0.9543333053588867 0.36778125166893005 0.09133332967758179 0.03721874952316284
1 0.4645312428474426 0.3684765696525574 0.0883542001247406 0.014078140258789062
2 0.8037708401679993 0.45277345180511475 0.16333329677581787 0.09389063715934753
1 0.6452395915985107 0.36661720275878906 0.046062469482421875 0.043203145265579224
1 0.19739583134651184 0.8909140825271606 0.3878750205039978 0.1870155930519104
3 0.43437501788139343 0.6187499761581421 0.6604166626930237 0.4843749701976776
