0 0.1912499964237213 0.5537499785423279 0.032499998807907104 0.07249999046325684
0 0.9024999737739563 0.8100000023841858 0.12999999523162842 0.375
9 0.7537499666213989 0.7675000429153442 0.12250000238418579 0.18000000715255737
9 0.7862499952316284 0.6912499666213989 0.07749998569488525 0.0975000262260437
9 0.59375 0.6912499666213989 0.07249999046325684 0.1274999976158142
9 0.6425000429153442 0.6499999761581421 0.06499999761581421 0.06999999284744263
9 0.4975000023841858 0.6712499856948853 0.07500001788139343 0.13249999284744263
9 0.5487499833106995 0.625 0.052500009536743164 0.06500005722045898
0 0.38875001668930054 0.6112500429153442 0.032499998807907104 0.14249998331069946
0 0.4424999952316284 0.5800000429153442 0.03999999165534973 0.09499996900558472
