1 0.7994375228881836 0.6255937814712524 0.27290624380111694 0.22693747282028198
1 0.2894531190395355 0.7503645420074463 0.578906238079071 0.49927085638046265
1 0.8716719150543213 0.5507603883743286 0.12403124570846558 0.13756248354911804
1 0.9849843978881836 0.5688020586967468 0.028531253337860107 0.14764580130577087
3 0.5617578029632568 0.4659374952316284 0.5673280954360962 0.43675002455711365
5 0.49772655963897705 0.573562502861023 0.11857810616493225 0.2303750216960907
5 0.2640156149864197 0.44051042199134827 0.10928124189376831 0.1418125033378601
5 0.08612500131130219 0.44855210185050964 0.11690625548362732 0.11689585447311401
0 0.9603828191757202 0.57072913646698 0.06139063835144043 0.28845831751823425
1 0.10624999552965164 0.4729166626930237 0.20624999701976776 0.058333367109298706
