0 0.8700000047683716 0.6150000095367432 0.07500004768371582 0.13999998569488525
0 0.10999999940395355 0.8187500238418579 0.2150000035762787 0.35750001668930054
0 0.10750000178813934 0.6762499809265137 0.0949999988079071 0.13749998807907104
0 0.42124998569488525 0.731249988079071 0.07750001549720764 0.2174999713897705
0 0.5262500047683716 0.5912500023841858 0.027500033378601074 0.07749998569488525
0 0.550000011920929 0.59375 0.02499997615814209 0.07749998569488525
0 0.4937499761581421 0.5850000381469727 0.03749999403953552 0.08499997854232788
0 0.4375 0.5850000381469727 0.04000002145767212 0.08499997854232788
0 0.6299999952316284 0.5750000476837158 0.029999971389770508 0.07499998807907104
0 0.5824999809265137 0.5625 0.025000035762786865 0.07500004768371582
10 0.29374998807907104 0.5224999785423279 0.2474999874830246 0.10499998927116394
0 0.1550000011920929 0.6037499904632568 0.04500000178813934 0.08249998092651367
4 0.21125000715255737 0.5862500071525574 0.05749998986721039 0.052500009536743164
1 0.8424999713897705 0.543749988079071 0.07999998331069946 0.04250001907348633
