0 0.023749999701976776 0.6587499976158142 0.04749999940395355 0.17250001430511475
0 0.23750001192092896 0.7475000023841858 0.07999999821186066 0.24000000953674316
0 0.4112499952316284 0.7350000143051147 0.07249999046325684 0.2799999713897705
0 0.5824999809265137 0.5737500190734863 0.04000002145767212 0.09250003099441528
0 0.6850000023841858 0.6487500071525574 0.04999995231628418 0.18250000476837158
0 0.9175000190734863 0.6899999976158142 0.15000003576278687 0.24000000953674316
10 0.7287499904632568 0.5062500238418579 0.0625 0.0675000250339508
0 0.8537499904632568 0.53125 0.022500038146972656 0.05750000476837158
0 0.9674999713897705 0.5862500071525574 0.050000011920928955 0.10749995708465576
0 0.8050000071525574 0.5249999761581421 0.019999980926513672 0.050000011920928955
0 0.7825000286102295 0.5237500071525574 0.020000040531158447 0.05750000476837158
0 0.6000000238418579 0.5525000095367432 0.025000035762786865 0.07999998331069946
