5 0.07338280975818634 0.4268749952316284 0.14354687929153442 0.5397917032241821
1 0.4572421908378601 0.15269790589809418 0.24057814478874207 0.28952082991600037
4 0.5362343788146973 0.44044792652130127 0.8724687099456787 0.7236042022705078
0 0.6564609408378601 0.12022916227579117 0.09270310401916504 0.20000000298023224
9 0.10980468988418579 0.043281249701976776 0.08257812261581421 0.08485417068004608
9 0.07407031208276749 0.06236458197236061 0.08573438227176666 0.12472916394472122
5 0.30790624022483826 0.1264166682958603 0.026156246662139893 0.11449999362230301
5 0.2534531354904175 0.10739582777023315 0.058531254529953 0.09954166412353516
5 0.2868359386920929 0.12417708337306976 0.03439062833786011 0.12806248664855957
5 0.2980625033378601 0.12166666239500046 0.020343750715255737 0.10512499511241913
