1 0.9576406478881836 0.7628958225250244 0.08471876382827759 0.2774166464805603
0 0.05860156565904617 0.660072922706604 0.03264062479138374 0.17789584398269653
0 0.7070468664169312 0.5749479532241821 0.024906277656555176 0.049812495708465576
0 0.021976562216877937 0.5837916135787964 0.022453125566244125 0.06999999284744263
0 0.0520937517285347 0.5807812213897705 0.015687499195337296 0.05993753671646118
0 0.08870312571525574 0.6802395582199097 0.050937503576278687 0.20372921228408813
0 0.6625312566757202 0.5753437280654907 0.01853126287460327 0.05410414934158325
0 0.007031249813735485 0.6739583015441895 0.01406249962747097 0.20625001192092896
0 0.11406250298023224 0.5958333015441895 0.015625 0.05416661500930786
1 0.9554687738418579 0.6708333492279053 0.08281248807907104 0.10000002384185791
