0 0.5900000333786011 0.6899999976158142 0.06499999761581421 0.20000004768371582
0 0.09375 0.6262500286102295 0.05750000476837158 0.11750000715255737
0 0.6462500095367432 0.6487500071525574 0.047500014305114746 0.14750003814697266
0 0.6937500238418579 0.6424999833106995 0.04749995470046997 0.125
0 0.7837499976158142 0.7275000214576721 0.10249996185302734 0.23500001430511475
0 0.9437500238418579 0.7549999952316284 0.10750001668930054 0.25
0 0.9112499952316284 0.6074999570846558 0.047500014305114746 0.07999998331069946
0 0.8299999833106995 0.5662500262260437 0.02499997615814209 0.05750000476837158
0 0.5724999904632568 0.5774999856948853 0.039999961853027344 0.06499999761581421
0 0.8237500190734863 0.6762499809265137 0.037499964237213135 0.12250000238418579
