0 0.668749988079071 0.7287499904632568 0.08249998092651367 0.2174999713897705
5 0.7512500286102295 0.6825000047683716 0.05249994993209839 0.10000002384185791
0 0.45499998331069946 0.5800000429153442 0.03999999165534973 0.06999999284744263
0 0.48500001430511475 0.5687500238418579 0.02000001072883606 0.0625
2 0.3425000011920929 0.5587499737739563 0.06000000238418579 0.06749999523162842
0 0.19874998927116394 0.6299999952316284 0.05249999463558197 0.12999999523162842
0 0.15625 0.6324999928474426 0.04249998927116394 0.10500001907348633
9 0.027499999850988388 0.6399999856948853 0.04500000178813934 0.06000000238418579
9 0.11249999701976776 0.6174999475479126 0.05000000447034836 0.06000000238418579
9 0.08750000596046448 0.5962499976158142 0.03999999910593033 0.047500014305114746
0 0.0625 0.581250011920929 0.04000000283122063 0.0625
0 0.38875001668930054 0.5449999570846558 0.032499998807907104 0.04000002145767212
