1 0.5564374923706055 0.6783764362335205 0.05199998617172241 0.047152936458587646
1 0.5338202714920044 0.6729529500007629 0.02639061212539673 0.03484702110290527
3 0.4002187252044678 0.6888470649719238 0.24846872687339783 0.25948238372802734
10 0.7439687252044678 0.6938941478729248 0.1473124623298645 0.13602358102798462
0 0.2732265591621399 0.7935176491737366 0.05851560831069946 0.2547999620437622
0 0.21976563334465027 0.7896353006362915 0.05009375512599945 0.2128235101699829
0 0.17295312881469727 0.7651882171630859 0.04768750071525574 0.2198352813720703
0 0.12157812714576721 0.7315411567687988 0.04124999791383743 0.19531768560409546
0 0.14417968690395355 0.7192234992980957 0.03629687428474426 0.1681411862373352
0 0.21996092796325684 0.6746705770492554 0.029765620827674866 0.07748234272003174
0 0.1828906238079071 0.6584117412567139 0.03412500023841858 0.06905883550643921
1 0.6006250381469727 0.6841294169425964 0.06340628862380981 0.05061173439025879
1 0.6130390167236328 0.6505529284477234 0.06929689645767212 0.038941144943237305
0 0.2132265567779541 0.6568706035614014 0.01860937476158142 0.055764734745025635
0 0.23515625298023224 0.7658823728561401 0.029687494039535522 0.18588238954544067
