5 0.3090234398841858 0.41734373569488525 0.09464061260223389 0.08389583230018616
1 0.8209609389305115 0.3803645968437195 0.09814059734344482 0.07310417294502258
1 0.9768750071525574 0.48516666889190674 0.04518747329711914 0.14108335971832275
1 0.9614765644073486 0.42134374380111694 0.07704687118530273 0.11422917246818542
3 0.6290702819824219 0.34684374928474426 0.19754689931869507 0.11552083492279053
0 0.14564844965934753 0.43557292222976685 0.05101563036441803 0.1678958237171173
0 0.1906718760728836 0.37572914361953735 0.0181562602519989 0.05375000834465027
0 0.5170312523841858 0.3908125162124634 0.02656245231628418 0.0988750159740448
0 0.5765312314033508 0.39542707800865173 0.031468749046325684 0.11164581775665283
0 0.5432812571525574 0.40059375762939453 0.025406241416931152 0.09527084231376648
0 0.17030468583106995 0.43548959493637085 0.030484378337860107 0.1433958113193512
0 0.17191405594348907 0.36929166316986084 0.014703124761581421 0.04208332300186157
1 0.9534609317779541 0.3984687328338623 0.09301567077636719 0.09156247973442078
1 0.30861717462539673 0.3790000081062317 0.04307812452316284 0.04054167866706848
1 0.32752344012260437 0.37313541769981384 0.021515607833862305 0.036895811557769775
1 0.35060155391693115 0.3735208213329315 0.011703133583068848 0.04112499952316284
1 0.5034452676773071 0.35478124022483826 0.012953102588653564 0.023312509059906006
0 0.26572656631469727 0.3857083320617676 0.013859391212463379 0.055416643619537354
0 0.05624999850988388 0.5208333730697632 0.11249999701976776 0.36250001192092896
3 0.47265625 0.3531250059604645 0.051562488079071045 0.07708334922790527
3 0.5062500238418579 0.33125001192092896 0.018750011920928955 0.025000005960464478
0 0.12734374403953552 0.421875 0.02656249701976776 0.14375001192092896
0 0.55859375 0.39375001192092896 0.02656245231628418 0.10833331942558289
0 0.589062511920929 0.390625 0.015625 0.09375
