1 0.09296874701976776 0.7582396268844604 0.18593749403953552 0.3164791464805603
3 0.05703125149011612 0.47604167461395264 0.11406250298023224 0.2854166328907013
0 0.8563281297683716 0.6414791345596313 0.04371875524520874 0.27762502431869507
0 0.7434531450271606 0.5906770825386047 0.02368748188018799 0.08039581775665283
0 0.7595468759536743 0.589260458946228 0.01881253719329834 0.07518750429153442
0 0.5000937581062317 0.566322922706604 0.028812527656555176 0.0481874942779541
0 0.8372968435287476 0.65625 0.05978125333786011 0.2875000238418579
3 0.1315625011920929 0.5430416464805603 0.02521875500679016 0.1029583215713501
3 0.46875 0.47708332538604736 0.5062500238418579 0.7041666507720947
3 0.9351562261581421 0.5427083373069763 0.12656253576278687 0.65625
