1 0.9460078477859497 0.5383332967758179 0.10798436403274536 0.0748792290687561
9 0.1376015692949295 0.6688647270202637 0.06429687887430191 0.14908212423324585
0 0.6432499885559082 0.5785748958587646 0.044312477111816406 0.12879228591918945
1 0.5522109270095825 0.541304349899292 0.1269218623638153 0.0828019380569458
1 0.19208593666553497 0.5424879193305969 0.10982811450958252 0.07120776176452637
1 0.7973750233650208 0.5122342705726624 0.0872499942779541 0.05780193209648132
0 0.2544296979904175 0.5632004737854004 0.03495313227176666 0.12886473536491394
9 0.9380234479904175 0.6258937120437622 0.050921857357025146 0.10004830360412598
0 0.7503515481948853 0.6886956691741943 0.10845315456390381 0.42864733934402466
0 0.9848828315734863 0.5761352777481079 0.03023439645767212 0.13038647174835205
2 0.22306251525878906 0.4669685959815979 0.08996875584125519 0.0592995285987854
1 0.5542656183242798 0.4692270755767822 0.06612503528594971 0.02444443106651306
2 0.5879921913146973 0.4529106318950653 0.05904686450958252 0.04649758338928223
3 0.7128672003746033 0.4509299397468567 0.07857811450958252 0.053840577602386475
1 0.797656238079071 0.544685959815979 0.09218752384185791 0.10386472940444946
7 0.4117187261581421 0.5688405632972717 0.3046874701976776 0.5048309564590454
