1 0.15967968106269836 0.3811737298965454 0.025765612721443176 0.032206565141677856
1 0.21115624904632568 0.3809741735458374 0.025312498211860657 0.02997651696205139
1 0.2565937638282776 0.381889671087265 0.01987500488758087 0.02725350856781006
1 0.2885390520095825 0.35350939631462097 0.023578137159347534 0.026032865047454834
1 0.3153359293937683 0.3348708748817444 0.015328139066696167 0.016220659017562866
1 0.3569062352180481 0.3214905858039856 0.021812528371810913 0.025704234838485718
4 0.11730468273162842 0.4715140759944916 0.025328122079372406 0.07476526498794556
1 0.3285859227180481 0.34965962171554565 0.01729688048362732 0.021103262901306152
10 0.023406248539686203 0.42347416281700134 0.04646874964237213 0.20553988218307495
4 0.09531250596046448 0.4953051805496216 0.05312500149011612 0.14084509015083313
4 0.16874998807907104 0.5082159638404846 0.05937500298023224 0.19483566284179688
4 0.27656251192092896 0.5269953012466431 0.11875000596046448 0.30281686782836914
4 0.22343748807907104 0.5129108428955078 0.04999999701976776 0.23708921670913696
4 0.13203124701976776 0.5023474097251892 0.04531249403953552 0.16431924700737
4 0.41796875 0.5023474097251892 0.09531247615814209 0.22535213828086853
4 0.516406238079071 0.5105633735656738 0.12343749403953552 0.2981220483779907
4 0.8445312976837158 0.56455397605896 0.30781251192092896 0.7159624695777893
