4 0.356570303440094 0.8390398025512695 0.33998438715934753 0.32192039489746094
4 0.602859377861023 0.6059367656707764 0.0846250057220459 0.1966978907585144
4 0.678234338760376 0.4514754116535187 0.04046875238418579 0.08065575361251831
3 0.6742187738418579 0.3196721076965332 0.1484375 0.08196720480918884
4 0.38307029008865356 0.7348361015319824 0.21739062666893005 0.5303278565406799
4 0.7730156183242798 0.4656440019607544 0.06124997138977051 0.07110068202018738
4 0.6471718549728394 0.4529508352279663 0.03718751668930054 0.09199061989784241
0 0.9371640682220459 0.5409836173057556 0.03682816028594971 0.25292742252349854
4 0.6390234231948853 0.47271662950515747 0.03751564025878906 0.09517562389373779
0 0.7572890520095825 0.38969555497169495 0.017046868801116943 0.051522254943847656
1 0.7305155992507935 0.6709601879119873 0.2827187180519104 0.36768150329589844
1 0.21964843571186066 0.6288407444953918 0.3403281271457672 0.3775409460067749
1 0.06793750077486038 0.5846487283706665 0.13587500154972076 0.3121545612812042
2 0.4305468797683716 0.4880210757255554 0.20140624046325684 0.28391098976135254
2 0.2804531455039978 0.3755152225494385 0.19221875071525574 0.16236531734466553
10 0.5680078268051147 0.33281028270721436 0.053703129291534424 0.060374706983566284
10 0.48881250619888306 0.31569087505340576 0.0494999885559082 0.06651052832603455
0 0.9602500200271606 0.5499297380447388 0.03703123331069946 0.26908668875694275
1 0.5592656135559082 0.47072601318359375 0.07574999332427979 0.13583138585090637
1 0.7372422218322754 0.4283255338668823 0.0630156397819519 0.053372353315353394
1 0.2041953057050705 0.47411006689071655 0.1634843647480011 0.10587823390960693
1 0.7207422256469727 0.3813231885433197 0.028828084468841553 0.021896958351135254
1 0.547531247138977 0.3818032741546631 0.04334378242492676 0.047634661197662354
1 0.6491718888282776 0.40964871644973755 0.02278125286102295 0.06454330682754517
0 0.7908984422683716 0.39331382513046265 0.024921894073486328 0.030421555042266846
3 0.5301328301429749 0.3276463747024536 0.07007813453674316 0.06737703084945679
4 0.6804687976837158 0.4039812684059143 0.010937511920928955 0.016393423080444336
4 0.604687511920929 0.5433255434036255 0.08437502384185791 0.23887589573860168
1 0.7289062738418579 0.4063231945037842 0.07343751192092896 0.04449647665023804
1 0.600781261920929 0.41451990604400635 0.06093752384185791 0.042154550552368164
1 0.643750011920929 0.35245901346206665 0.03125 0.021077275276184082
1 0.6007812023162842 0.3852459192276001 0.07343751192092896 0.044496506452560425
1 0.7570312023162842 0.4601873457431793 0.12968748807907104 0.08196717500686646
0 0.0703125 0.3887587785720825 0.01874999701976776 0.051522254943847656
0 0.05703125149011612 0.40866512060165405 0.02031250298023224 0.044496506452560425
