1 0.26319530606269836 0.734581470489502 0.107421875 0.08242291212081909
5 0.3359375 0.7596476078033447 0.1875 0.4718943238258362
0 0.6879843473434448 0.7100440263748169 0.02484375238418579 0.09859031438827515
0 0.7339375019073486 0.7031607627868652 0.03371870517730713 0.11821585893630981
1 0.17042186856269836 0.7060573101043701 0.0728750079870224 0.029691636562347412
1 0.4811015725135803 0.7026431560516357 0.04167187213897705 0.05704843997955322
1 0.20319531857967377 0.7054845690727234 0.05951562523841858 0.0497356653213501
1 0.11793750524520874 0.7078193426132202 0.07184375077486038 0.03237885236740112
1 0.4517812728881836 0.707290768623352 0.01925000548362732 0.020352423191070557
1 0.07265625149011612 0.7037445306777954 0.06093749776482582 0.037444889545440674
1 0.24921874701976776 0.700440526008606 0.03281250596046448 0.017621159553527832
1 0.4281249940395355 0.708149790763855 0.034375011920928955 0.04185020923614502
