0 0.036249998956918716 0.8037500381469727 0.07249999791383743 0.38749998807907104
0 0.24375000596046448 0.7087500095367432 0.08749999105930328 0.26249998807907104
0 0.39499998092651367 0.6525000333786011 0.08500000834465027 0.19499999284744263
0 0.47999998927116394 0.6725000143051147 0.06499999761581421 0.18000000715255737
0 0.6012499928474426 0.5837500095367432 0.027500033378601074 0.10249996185302734
0 0.643750011920929 0.5874999761581421 0.03250002861022949 0.125
0 0.9175000190734863 0.6262500286102295 0.05500000715255737 0.14249998331069946
0 0.4737499952316284 0.6062500476837158 0.0625 0.11250001192092896
0 0.9449999928474426 0.5712499618530273 0.04499995708465576 0.09250003099441528
0 0.6949999928474426 0.5399999618530273 0.02499997615814209 0.050000011920928955
