1 0.765945315361023 0.5885864496231079 0.0774843692779541 0.15235984325408936
1 0.8019218444824219 0.50621497631073 0.11490625143051147 0.07897192239761353
1 0.7978749871253967 0.4605373740196228 0.051656246185302734 0.01887848973274231
1 0.16229687631130219 0.8657243251800537 0.3185937702655792 0.25168222188949585
3 0.45157814025878906 0.48175233602523804 0.575374960899353 0.4559812843799591
0 0.4156249761581421 0.6870911121368408 0.1146562397480011 0.413761705160141
1 0.14107030630111694 0.5489486455917358 0.054140619933605194 0.09607475996017456
1 0.06332030892372131 0.5276986360549927 0.08601562678813934 0.08259350061416626
1 0.8291093707084656 0.47658878564834595 0.05431246757507324 0.035513997077941895
1 0.12922656536102295 0.5164719820022583 0.06257811933755875 0.05808413028717041
1 0.9720937609672546 0.50621497631073 0.043781280517578125 0.06275704503059387
1 0.01268749963492155 0.5258177518844604 0.0253749992698431 0.059672921895980835
1 0.8746405839920044 0.5125584006309509 0.06568747758865356 0.051752328872680664
10 0.7632812261581421 0.5070093274116516 0.07343751192092896 0.07943925261497498
1 0.8976562023162842 0.5046728849411011 0.08281248807907104 0.06542056798934937
