1 0.3511093854904175 0.7831308841705322 0.13109377026557922 0.1278504729270935
1 0.1311953067779541 0.7614953517913818 0.08501561731100082 0.11551398038864136
3 0.8800390958786011 0.7122312784194946 0.23992186784744263 0.2685280442237854
0 0.11292187869548798 0.7756074666976929 0.007749997079372406 0.025467276573181152
0 0.11506250500679016 0.7953738570213318 0.04237500578165054 0.10429906845092773
1 0.6298203468322754 0.7688084244728088 0.03701561689376831 0.07705605030059814
10 0.5747265815734863 0.6923831701278687 0.05317187309265137 0.033457934856414795
10 0.5237656235694885 0.6898831725120544 0.051093727350234985 0.03172898292541504
1 0.6393906474113464 0.7105491161346436 0.04212498664855957 0.02871495485305786
0 0.7594921588897705 0.7961915731430054 0.03579682111740112 0.15457946062088013
0 0.9429687261581421 0.8119158744812012 0.11093753576278687 0.19859814643859863
0 0.717968761920929 0.8130841255187988 0.07656252384185791 0.20093458890914917
0 0.7320312261581421 0.8165887594223022 0.045312464237213135 0.15186911821365356
0 0.81640625 0.8107476830482483 0.1015625 0.23364484310150146
0 0.27421873807907104 0.7967289686203003 0.1171874850988388 0.25233644247055054
0 0.20468750596046448 0.8049064874649048 0.0625 0.22663551568984985
0 0.03203124925494194 0.7827102541923523 0.06093750149011612 0.1355140209197998
10 0.36328125 0.6985981464385986 0.020312488079071045 0.037383198738098145
0 0.4281249940395355 0.8037383556365967 0.08125001192092896 0.20560747385025024
0 0.6726562976837158 0.8002336621284485 0.07343751192092896 0.19859814643859863
0 0.5257812738418579 0.8037383556365967 0.07656246423721313 0.20560747385025024
0 0.574999988079071 0.7943925261497498 0.0625 0.19158875942230225
0 0.8734375238418579 0.8037383556365967 0.06562501192092896 0.21962612867355347
