1 0.200070321559906 0.5688875913619995 0.030515626072883606 0.03187358379364014
4 0.6466875076293945 0.6463817358016968 0.03487503528594971 0.054215431213378906
4 0.5528124570846558 0.6226581335067749 0.035031259059906006 0.05098360776901245
4 0.6145312786102295 0.6258079409599304 0.05171877145767212 0.07105386257171631
0 0.6922500133514404 0.6463583111763 0.028406262397766113 0.10067915916442871
0 0.4979609251022339 0.5954917669296265 0.018703103065490723 0.06583136320114136
9 0.48509374260902405 0.5990983247756958 0.012687504291534424 0.044613540172576904
0 0.4014218747615814 0.5926815271377563 0.010500013828277588 0.0543559193611145
1 0.23224219679832458 0.5720140933990479 0.0332343727350235 0.03320842981338501
1 0.012898437678813934 0.6133489608764648 0.013890624046325684 0.07063233852386475
10 0.02890625037252903 0.5667447447776794 0.02656250074505806 0.0562061071395874
4 0.234375 0.6135831475257874 0.034375011920928955 0.08899295330047607
4 0.20859375596046448 0.6533957719802856 0.04218749701976776 0.12646371126174927
4 0.3125 0.6932084560394287 0.05312502384185791 0.18266981840133667
4 0.25703126192092896 0.5901639461517334 0.017187505960464478 0.06088995933532715
1 0.18828125298023224 0.5620608925819397 0.0234375 0.03278684616088867
3 0.14531250298023224 0.544496476650238 0.03125 0.030444979667663574
4 0.16171875596046448 0.5995316505432129 0.02031250298023224 0.07025760412216187
4 0.1328125 0.5749414563179016 0.018750004470348358 0.04449653625488281
4 0.12812499701976776 0.5620608329772949 0.00937499850988388 0.023419201374053955
4 0.11562499403953552 0.5644028186798096 0.00937499850988388 0.03278684616088867
4 0.07968749850988388 0.5714285373687744 0.012500002980232239 0.03747075796127319
4 0.09296874701976776 0.5690866708755493 0.010937504470348358 0.042154550552368164
4 0.09765625 0.5597189664840698 0.0078125 0.023419201374053955
4 0.31171876192092896 0.591334879398346 0.0234375 0.06323182582855225
4 0.578125 0.6264637112617493 0.03750002384185791 0.0585479736328125
4 0.8539062738418579 0.6697892546653748 0.035937488079071045 0.09836065769195557
