1 0.8680312633514404 0.3543091416358948 0.26393747329711914 0.22149881720542908
1 0.7961640357971191 0.2584192156791687 0.05792182683944702 0.062365323305130005
2 0.14374999701976776 0.2201405167579651 0.171875 0.11241216957569122
1 0.3804687559604645 0.24004682898521423 0.16093748807907104 0.10538642108440399
4 0.33515626192092896 0.48946136236190796 0.4453125 0.5714285373687744
5 0.5382812023162842 0.4590164124965668 0.27031248807907104 0.5199063420295715
1 0.6187499761581421 0.3290398120880127 0.2656249701976776 0.199063241481781
4 0.13359375298023224 0.300936758518219 0.06406250596046448 0.1522248238325119
4 0.09843750298023224 0.29625290632247925 0.03750000149011612 0.15690866112709045
4 0.07343749701976776 0.2950819730758667 0.03437500447034836 0.16393442451953888
4 0.37187498807907104 0.2833723723888397 0.04999998211860657 0.08899296820163727
4 0.4164062440395355 0.2740046977996826 0.0390625 0.06088992953300476
4 0.6648437976837158 0.3477751612663269 0.11406248807907104 0.2365339696407318
