1 0.019999999552965164 0.7224999666213989 0.03999999910593033 0.0899999737739563
1 0.48625001311302185 0.5887500047683716 0.0975000262260437 0.052500009536743164
1 0.5049999952316284 0.6575000286102295 0.24500000476837158 0.10999995470046997
1 0.8274999856948853 0.6537500023841858 0.2749999761581421 0.11249995231628418
1 0.9762499928474426 0.6262500286102295 0.047500014305114746 0.09250003099441528
1 0.8199999928474426 0.5987499952316284 0.15999996662139893 0.05750000476837158
1 0.21375000476837158 0.6487500071525574 0.29250001907348633 0.10749995708465576
1 0.03500000014901161 0.6412500143051147 0.07000000029802322 0.08749997615814209
10 0.48624998331069946 0.5562499761581421 0.17749997973442078 0.08750003576278687
4 0.684999942779541 0.5737500190734863 0.06499999761581421 0.047500014305114746
0 0.9650000333786011 0.5649999976158142 0.020000040531158447 0.04499995708465576
0 0.10375000536441803 0.5625 0.02749999612569809 0.04999995231628418
