1 0.8742890357971191 0.7447072267532349 0.10417187213897705 0.11334890127182007
1 0.7261015176773071 0.7253278493881226 0.08779686689376831 0.10709601640701294
1 0.8292422294616699 0.7166159152984619 0.07026559114456177 0.09875881671905518
0 0.8923593759536743 0.6642622947692871 0.023531198501586914 0.05644023418426514
0 0.9196953177452087 0.6766627430915833 0.02467191219329834 0.11459016799926758
0 0.7665468454360962 0.6591217517852783 0.020031273365020752 0.03276342153549194
0 0.9360859394073486 0.6761475205421448 0.016234397888183594 0.045128822326660156
0 0.9888827800750732 0.7024589776992798 0.02223438024520874 0.09798592329025269
0 0.9949609041213989 0.6770960092544556 0.010078132152557373 0.04810303449630737
0 0.9580702781677246 0.6888173818588257 0.0229530930519104 0.09674471616744995
0 0.77734375 0.722482442855835 0.04218745231628418 0.10070258378982544
0 0.7796875238418579 0.6639344692230225 0.018750011920928955 0.03981262445449829
4 0.9664062261581421 0.7060890197753906 0.029687464237213135 0.0866510272026062
4 0.942187488079071 0.7107728123664856 0.02499997615814209 0.06791567802429199
