1 0.9127395749092102 0.3430703282356262 0.09547913074493408 0.05570313334465027
0 0.6053749918937683 0.6190937757492065 0.3437916934490204 0.7309374809265137
0 0.8515416383743286 0.4384687542915344 0.17520838975906372 0.3006249964237213
9 0.0873020812869072 0.5004531145095825 0.1746041625738144 0.22587499022483826
0 0.13220833241939545 0.4096953272819519 0.117166668176651 0.18076562881469727
0 0.29606249928474426 0.42728906869888306 0.13508331775665283 0.26942184567451477
0 0.42237499356269836 0.394406259059906 0.15549999475479126 0.19737499952316284
0 0.34936457872390747 0.3438671827316284 0.07881247997283936 0.10939061641693115
1 0.9578853845596313 0.30721092224121094 0.028020799160003662 0.01107814908027649
1 0.9848124980926514 0.3082578182220459 0.018249988555908203 0.008171886205673218
0 0.7552083730697632 0.3382812440395355 0.11875003576278687 0.051562488079071045
