4 0.48868000507354736 0.7539899945259094 0.10253334045410156 0.14657998085021973
0 0.26792001724243164 0.7458900213241577 0.07258668541908264 0.1362200379371643
0 0.7167466878890991 0.7960200309753418 0.1321600079536438 0.2751999497413635
0 0.9623466730117798 0.7809300422668457 0.07493329048156738 0.19753998517990112
0 0.2990533411502838 0.6677799820899963 0.04498666524887085 0.0368800163269043
0 0.26017335057258606 0.6750199794769287 0.034800007939338684 0.02351999282836914
0 0.01664000004529953 0.7023600339889526 0.02170666679739952 0.05891996622085571
2 0.11513333022594452 0.6974200010299683 0.14637333154678345 0.11072003841400146
0 0.3275466561317444 0.6727199554443359 0.026346653699874878 0.02267998456954956
0 0.36001333594322205 0.6622300148010254 0.02749335765838623 0.016820013523101807
0 0.39230668544769287 0.6770399808883667 0.029040008783340454 0.03280001878738403
0 0.20822666585445404 0.6900299787521362 0.04120001196861267 0.0457800030708313
0 0.42385333776474 0.686710000038147 0.02072000503540039 0.054579973220825195
1 0.30666667222976685 0.7419999837875366 0.25066667795181274 0.12000000476837158
4 0.37199997901916504 0.7710000276565552 0.17866668105125427 0.2019999623298645
0 0.226666659116745 0.671999990940094 0.031999990344047546 0.04799997806549072
