1 0.34835153818130493 0.5224166512489319 0.028046876192092896 0.024833321571350098
1 0.055210936814546585 0.5313020944595337 0.07295312732458115 0.06939581036567688
1 0.012617187574505806 0.5399374961853027 0.02395312488079071 0.06470835208892822
1 0.37232810258865356 0.5217083096504211 0.02381250262260437 0.023874998092651367
10 0.1204218715429306 0.5302812457084656 0.1145937442779541 0.07677081227302551
10 0.23906250298023224 0.5268541574478149 0.0611250102519989 0.05054163932800293
2 0.31331250071525574 0.5181041955947876 0.050906240940093994 0.04325002431869507
1 0.2900390625 0.5156458616256714 0.009484350681304932 0.023000001907348633
1 0.203125 0.5364583730697632 0.018750011920928955 0.02708333730697632
2 0.2632812559604645 0.518750011920929 0.048437491059303284 0.04999998211860657
1 0.41015625 0.5239583253860474 0.042187511920928955 0.03958332538604736
1 0.421875 0.5114583373069763 0.015625 0.01874995231628418
5 0.44218748807907104 0.5343749523162842 0.046875 0.10624998807907104
10 0.8335937261581421 0.4593749940395355 0.32656246423721313 0.45625001192092896
