4 0.956250011920929 0.7124999761581421 0.08249998092651367 0.17000001668930054
0 0.8887500166893005 0.6175000071525574 0.052500009536743164 0.16999995708465576
0 0.6375000476837158 0.6850000023841858 0.08499997854232788 0.23500001430511475
0 0.7574999928474426 0.7475000023841858 0.12000000476837158 0.3450000286102295
0 0.8487499952316284 0.7024999856948853 0.07249999046325684 0.2749999761581421
0 0.8087500333786011 0.6649999618530273 0.04249995946884155 0.17500001192092896
0 0.4649999737739563 0.7087500095367432 0.0949999988079071 0.22749996185302734
5 0.42750000953674316 0.625 0.09000000357627869 0.08000004291534424
0 0.5362499952316284 0.5824999809265137 0.047500014305114746 0.125
2 0.4625000059604645 0.518750011920929 0.06999999284744263 0.0625
2 0.375 0.5412499904632568 0.1549999713897705 0.08749997615814209
