9 0.051249999552965164 0.7675000429153442 0.10249999910593033 0.1850000023841858
8 0.028750000521540642 0.6037499904632568 0.05249999836087227 0.09249997138977051
8 0.09125000238418579 0.6399999856948853 0.05250000208616257 0.13999998569488525
8 0.07000000029802322 0.5974999666213989 0.03500000014901161 0.09999996423721313
8 0.11875000596046448 0.6262500286102295 0.03750000149011612 0.1274999976158142
8 0.21125000715255737 0.5974999666213989 0.037500008940696716 0.10999995470046997
0 0.26749998331069946 0.6137499809265137 0.04999998211860657 0.12250000238418579
0 0.6325000524520874 0.6487500071525574 0.06000000238418579 0.1625000238418579
0 0.7124999761581421 0.5737500190734863 0.0350000262260437 0.07749998569488525
0 0.3700000047683716 0.5449999570846558 0.025000005960464478 0.05500000715255737
8 0.1887499988079071 0.5924999713897705 0.03749999403953552 0.10999995470046997
9 0.8675000071525574 0.6024999618530273 0.034999966621398926 0.06999999284744263
