1 0.3606484532356262 0.9594166874885559 0.08835938572883606 0.0808333158493042
1 0.2974531352519989 0.961677074432373 0.11956250667572021 0.0766458511352539
1 0.2663906216621399 0.8957187533378601 0.03731250762939453 0.043770790100097656
0 0.5580155849456787 0.9079583287239075 0.01246875524520874 0.051166653633117676
0 0.5680155754089355 0.9062187671661377 0.009249985218048096 0.048312485218048096
0 0.5463594198226929 0.9070416688919067 0.008343756198883057 0.04337501525878906
1 0.0731796845793724 0.9154583215713501 0.06276562809944153 0.07933330535888672
1 0.311398446559906 0.8949583172798157 0.04545313119888306 0.03720831871032715
0 0.5377265810966492 0.9068541526794434 0.010015606880187988 0.04845833778381348
1 0.027796875685453415 0.9204791784286499 0.05559375137090683 0.08691668510437012
1 0.24750781059265137 0.9049791693687439 0.016203120350837708 0.035916686058044434
1 0.33403122425079346 0.891531229019165 0.03153124451637268 0.05160415172576904
1 0.38075000047683716 0.9311041831970215 0.05124998092651367 0.052500009536743164
1 0.15781250596046448 0.9697916507720947 0.23750001192092896 0.04791665077209473
