1 0.7011094093322754 0.46176815032958984 0.08103126287460327 0.07576113939285278
0 0.27089062333106995 0.529566764831543 0.019031226634979248 0.05276346206665039
0 0.3031250238418579 0.4896135926246643 0.04062500596046448 0.12676814198493958
0 0.89453125 0.5393442511558533 0.0703125 0.23091337084770203
0 0.7395937442779541 0.4517095983028412 0.0416874885559082 0.1118500828742981
0 0.10546875 0.41211944818496704 0.03593750298023224 0.11229509115219116
0 0.8470234274864197 0.47556203603744507 0.030390620231628418 0.09196719527244568
0 0.8278203010559082 0.46941450238227844 0.024171888828277588 0.0944262146949768
0 0.76953125 0.45279860496520996 0.03281247615814209 0.0999765694141388
0 0.24453124403953552 0.5558431148529053 0.10468749701976776 0.29201406240463257
0 0.1827656328678131 0.4760187268257141 0.03759373724460602 0.12768149375915527
1 0.9548906087875366 0.46125292778015137 0.08965623378753662 0.0741686224937439
1 0.14762499928474426 0.37724822759628296 0.030562490224838257 0.05388757586479187
0 0.7972187399864197 0.4629625082015991 0.01862502098083496 0.08166274428367615
0 0.08984375 0.4039812684059143 0.0234375 0.04449647665023804
1 0.35468751192092896 0.45550352334976196 0.109375 0.0772833526134491
0 0.26484376192092896 0.4039812684059143 0.039062514901161194 0.06791567802429199
0 0.4898437261581421 0.4473068118095398 0.029687494039535522 0.08430913090705872
0 0.3851562738418579 0.4508196711540222 0.03281250596046448 0.11007022857666016
0 0.784375011920929 0.45433253049850464 0.02187502384185791 0.08430913090705872
