1 0.960757851600647 0.777442455291748 0.07848435640335083 0.11744248867034912
1 0.9293984174728394 0.7029539346694946 0.0397343635559082 0.050971925258636475
1 0.1352265626192093 0.8494373559951782 0.13042187690734863 0.16629153490066528
3 0.8979765176773071 0.6743733882904053 0.021546900272369385 0.03631711006164551
0 0.40834373235702515 0.8200255632400513 0.056687504053115845 0.26179027557373047
0 0.3409062623977661 0.8219053745269775 0.06543749570846558 0.2637084722518921
1 0.8235390782356262 0.6928644180297852 0.03645312786102295 0.04695647954940796
1 0.8102109432220459 0.6835805177688599 0.022109389305114746 0.036624014377593994
2 0.9659296870231628 0.6730562448501587 0.03126561641693115 0.031125307083129883
0 0.26279687881469727 0.728797972202301 0.023906230926513672 0.1038362979888916
1 0.05678125098347664 0.8669565320014954 0.11356250196695328 0.26097190380096436
1 0.7965312600135803 0.6826726198196411 0.00931251049041748 0.025754451751708984
3 0.7047500014305115 0.6896419525146484 0.10325002670288086 0.23416876792907715
1 0.930187463760376 0.7347442507743835 0.02809375524520874 0.0748593807220459
1 0.8695312738418579 0.6841431856155396 0.020312488079071045 0.028132975101470947
1 0.9624999761581421 0.7276214361190796 0.07187503576278687 0.05882352590560913
