8 0.07728125154972076 0.646072268486023 0.10915625095367432 0.4692540466785431
8 0.34645313024520874 0.6325757503509521 0.10846874117851257 0.5056177377700806
8 0.45039063692092896 0.661794900894165 0.10243749618530273 0.4292307496070862
0 0.9005781412124634 0.6786596775054932 0.11759376525878906 0.43685317039489746
0 0.2485390603542328 0.6471911668777466 0.12351560592651367 0.5258508324623108
0 0.8066328167915344 0.6853963136672974 0.07982814311981201 0.38650351762771606
0 0.7382578253746033 0.6926107406616211 0.034671902656555176 0.18447554111480713
0 0.5334374904632568 0.6635198593139648 0.12421876192092896 0.4996270537376404
0 0.6553593873977661 0.6762121319770813 0.07790625095367432 0.42501166462898254
0 0.7580780982971191 0.7001048922538757 0.03049999475479126 0.1825873851776123
0 0.14546093344688416 0.6195803880691528 0.022953122854232788 0.0689510703086853
1 0.1500859409570694 0.678053617477417 0.060328125953674316 0.1320512890815735
0 0.7038984298706055 0.6749184131622314 0.030265629291534424 0.11557114124298096
0 0.5880625247955322 0.6692657470703125 0.0690000057220459 0.4612354338169098
