1 0.9156684875488281 0.41100001335144043 0.16866308450698853 0.11139997839927673
1 0.34659090638160706 0.3529999852180481 0.09778076410293579 0.05480000376701355
8 0.5839973092079163 0.3434799909591675 0.02596259117126465 0.05151998996734619
8 0.6068048477172852 0.3303999900817871 0.022379696369171143 0.032319992780685425
8 0.48879677057266235 0.32596999406814575 0.020962566137313843 0.04342001676559448
1 0.43990641832351685 0.3640500009059906 0.12205883860588074 0.0707399845123291
0 0.1724599003791809 0.3630000054836273 0.0828876942396164 0.10600000619888306
0 0.7647058963775635 0.34200000762939453 0.032085537910461426 0.06400001049041748
5 0.6577540040016174 0.3569999933242798 0.032085537910461426 0.078000009059906
5 0.26871657371520996 0.3370000123977661 0.024064183235168457 0.04999998211860657
5 0.24732619524002075 0.5109999775886536 0.16310159862041473 0.3139999806880951
5 0.5521390438079834 0.6430000066757202 0.3128342628479004 0.5460000038146973
5 0.8288769721984863 0.5580000281333923 0.2352941632270813 0.4000000059604645
0 0.04010695219039917 0.32899999618530273 0.03743315488100052 0.050000011920928955
5 0.06818182021379471 0.5419999957084656 0.13636364042758942 0.3840000331401825
