1 0.921625018119812 0.5203863978385925 0.0768125057220459 0.08990630507469177
1 0.7865703105926514 0.5155972242355347 0.07423436641693115 0.07756441831588745
1 0.6755937337875366 0.47295081615448 0.026624977588653564 0.039063215255737305
1 0.8702812194824219 0.511288046836853 0.04865628480911255 0.06711944937705994
1 0.035328127443790436 0.5176346302032471 0.06659375131130219 0.17775174975395203
1 0.7320234775543213 0.4836767911911011 0.035734355449676514 0.043231815099716187
1 0.8389296531677246 0.507377028465271 0.042640626430511475 0.0630444884300232
1 0.9802578687667847 0.48277518153190613 0.03785938024520874 0.021615922451019287
1 0.7971015572547913 0.4632318615913391 0.0318906307220459 0.027540981769561768
1 0.7608984708786011 0.4677751660346985 0.023390591144561768 0.0384543240070343
0 0.16796875 0.48009368777275085 0.035937488079071045 0.12646371126174927
