1 0.2734296917915344 0.5080277323722839 0.02307814359664917 0.021130084991455078
7 0.8876796960830688 0.6376972198486328 0.0878593921661377 0.23262262344360352
7 0.7353984117507935 0.5948081016540527 0.06810933351516724 0.14513862133026123
7 0.12166406214237213 0.5684861540794373 0.05895312875509262 0.16366735100746155
7 0.36863279342651367 0.5131236910820007 0.011484354734420776 0.05682304501533508
7 0.6637969017028809 0.5406503081321716 0.017000019550323486 0.09993600845336914
1 0.28356248140335083 0.502569317817688 0.017375022172927856 0.024498969316482544
0 0.7060468792915344 0.5548187494277954 0.02649998664855957 0.10481876134872437
0 0.7336640357971191 0.5161194205284119 0.03135937452316284 0.06823030114173889
7 0.6017343997955322 0.5307356119155884 0.023906290531158447 0.09328356385231018
7 0.550531268119812 0.5274733304977417 0.02243751287460327 0.08402985334396362
7 0.5319609642028809 0.519179105758667 0.01520317792892456 0.04185500741004944
1 0.2991250157356262 0.5016844272613525 0.02015623450279236 0.026353955268859863
0 0.5931875109672546 0.5298720598220825 0.012812495231628418 0.06976544857025146
1 0.34455469250679016 0.49973347783088684 0.007890641689300537 0.014221727848052979
1 0.31171876192092896 0.5031982660293579 0.010937482118606567 0.017057597637176514
1 0.32499998807907104 0.505330502986908 0.021874994039535522 0.029850751161575317
7 0.3382812738418579 0.5149253606796265 0.014062494039535522 0.057569265365600586
7 0.38749998807907104 0.5159914493560791 0.009375005960464478 0.055437058210372925
7 0.4007812440395355 0.5170575380325317 0.010937511920928955 0.05330488085746765
7 0.41796875 0.5085287690162659 0.010937511920928955 0.027718544006347656
0 0.41328126192092896 0.5031982660293579 0.004687517881393433 0.017057597637176514
7 0.4390625059604645 0.5330490469932556 0.018750011920928955 0.051172733306884766
7 0.44843751192092896 0.5202558636665344 0.012500017881393433 0.046908289194107056
7 0.4585937559604645 0.5213219523429871 0.0078125 0.044776082038879395
0 0.5203125476837158 0.5074626803398132 0.012499988079071045 0.04264390468597412
0 0.5859375 0.5234541893005371 0.01250004768371582 0.07036247849464417
