0 0.05874999985098839 0.8387500047683716 0.11749999970197678 0.3174999952316284
0 0.7712500095367432 0.7699999809265137 0.10249996185302734 0.3199999928474426
0 0.9512499570846558 0.8637499809265137 0.0975000262260437 0.26749998331069946
0 0.6825000047683716 0.5900000333786011 0.04499995708465576 0.09999996423721313
0 0.7912499904632568 0.606249988079071 0.0625 0.09749996662139893
0 0.8837499618530273 0.6512500047683716 0.16249996423721313 0.13249999284744263
0 0.8624999523162842 0.5612499713897705 0.050000011920928955 0.0675000548362732
0 0.9624999761581421 0.6024999618530273 0.06000000238418579 0.09999996423721313
0 0.6100000143051147 0.5487499833106995 0.02499997615814209 0.0625
0 0.48500001430511475 0.5462499856948853 0.025000005960464478 0.05750000476837158
0 0.7262499928474426 0.5475000143051147 0.047500014305114746 0.07499998807907104
0 0.8125 0.5337499976158142 0.039999961853027344 0.052500009536743164
0 0.32875001430511475 0.5824999809265137 0.032499998807907104 0.0899999737739563
0 0.29500001668930054 0.5837500095367432 0.04499998688697815 0.11250001192092896
0 0.3662499785423279 0.5712499618530273 0.032499998807907104 0.08250004053115845
0 0.038750000298023224 0.5562499761581421 0.05249999836087227 0.08750003576278687
0 0.057500001043081284 0.6725000143051147 0.11500000208616257 0.18000000715255737
0 0.42000001668930054 0.5325000286102295 0.02000001072883606 0.050000011920928955
0 0.6725000143051147 0.5412499904632568 0.019999980926513672 0.047500014305114746
