1 0.5343359708786011 0.5631353855133057 0.12267190217971802 0.0831041932106018
1 0.28230470418930054 0.6949374675750732 0.4095468819141388 0.29662495851516724
1 0.3802109360694885 0.5828437209129333 0.09873437881469727 0.09743750095367432
2 0.240171879529953 0.5707917213439941 0.2983124852180481 0.12583333253860474
1 0.634109377861023 0.5485208034515381 0.04987502098083496 0.059374988079071045
0 0.7373437881469727 0.6206145882606506 0.06150001287460327 0.23522913455963135
0 0.6714140176773071 0.6198124885559082 0.07235938310623169 0.2448750138282776
0 0.0608828142285347 0.6954479217529297 0.11957812309265137 0.6080207824707031
0 0.9172812700271606 0.5564687252044678 0.02950000762939453 0.10872918367385864
8 0.34534376859664917 0.5337395668029785 0.032250016927719116 0.051895856857299805
0 0.8647890686988831 0.5537500381469727 0.027046918869018555 0.1224166750907898
0 0.8116171360015869 0.5640624761581421 0.04201561212539673 0.15645831823349
0 0.6048749685287476 0.5833854079246521 0.027531206607818604 0.15002083778381348
0 0.19993749260902405 0.503250002861023 0.012062504887580872 0.017583340406417847
0 0.7099531292915344 0.5996458530426025 0.03250002861022949 0.20266667008399963
0 0.6957499980926514 0.5261874794960022 0.016875028610229492 0.03791666030883789
1 0.7831171751022339 0.524260401725769 0.013703107833862305 0.03243750333786011
5 0.46562498807907104 0.6072916984558105 0.09062501788139343 0.21041661500930786
8 0.3203125 0.5322916507720947 0.028124988079071045 0.06458336114883423
