9 0.057499997317790985 0.8087500333786011 0.10999999940395355 0.2225000262260437
9 0.15125000476837158 0.7437499761581421 0.08249999582767487 0.1274999976158142
9 0.1574999988079071 0.8550000190734863 0.10499999672174454 0.125
9 0.2162500023841858 0.9362499713897705 0.13249999284744263 0.1274999976158142
9 0.22374999523162842 0.7124999761581421 0.0625 0.09499996900558472
9 0.36375001072883606 0.8987500071525574 0.1274999976158142 0.19749999046325684
9 0.3837500214576721 0.78125 0.08750000596046448 0.10249996185302734
9 0.3425000011920929 0.6775000095367432 0.05500000715255737 0.09000003337860107
9 0.4037500023841858 0.6662499904632568 0.05750000476837158 0.06749999523162842
9 0.45249998569488525 0.6587499976158142 0.054999977350234985 0.07749998569488525
9 0.4912499785423279 0.6499999761581421 0.04749998450279236 0.06499999761581421
9 0.543749988079071 0.6512500047683716 0.052500009536743164 0.052500009536743164
9 0.5824999809265137 0.6312500238418579 0.04000002145767212 0.04749995470046997
9 0.7087500095367432 0.6637499928474426 0.06749999523162842 0.05750000476837158
9 0.6375000476837158 0.6812499761581421 0.050000011920928955 0.07750004529953003
9 0.793749988079071 0.6837500333786011 0.06749999523162842 0.08250004053115845
9 0.6812499761581421 0.7324999570846558 0.06749999523162842 0.0899999737739563
9 0.7475000023841858 0.7274999618530273 0.0700000524520874 0.09999996423721313
9 0.5199999809265137 0.706250011920929 0.06999999284744263 0.08249998092651367
9 0.6012499928474426 0.7662500143051147 0.09249997138977051 0.13749998807907104
9 0.4637500047683716 0.7437499761581421 0.07749998569488525 0.1274999976158142
