0 0.24500000476837158 0.6737500429153442 0.10500001907348633 0.21750003099441528
0 0.3075000047683716 0.6499999761581421 0.06000000238418579 0.1899999976158142
0 0.4987499713897705 0.5962499976158142 0.03749999403953552 0.08749997615814209
0 0.53125 0.5912500023841858 0.03750002384185791 0.08249998092651367
0 0.6912499666213989 0.6025000214576721 0.04749995470046997 0.11500000953674316
0 0.3500000238418579 0.5850000381469727 0.03999999165534973 0.08499997854232788
0 0.42000001668930054 0.5787500143051147 0.030000001192092896 0.08249998092651367
1 0.5600000023841858 0.8137500286102295 0.5700000524520874 0.3675000071525574
0 0.8287500143051147 0.5887500047683716 0.047500014305114746 0.12250000238418579
4 0.9299999475479126 0.59375 0.06000000238418579 0.09749996662139893
0 0.7425000071525574 0.574999988079071 0.029999971389770508 0.09000003337860107
1 0.6012500524520874 0.5774999856948853 0.13249999284744263 0.06499999761581421
0 0.019999999552965164 0.5649999976158142 0.030000001192092896 0.0700000524520874
0 0.4750000238418579 0.5774999856948853 0.025000005960464478 0.07999998331069946
