9 0.22374999523162842 0.6949999928474426 0.11749999225139618 0.2200000286102295
9 0.32625001668930054 0.6299999952316284 0.07250002026557922 0.12999999523162842
0 0.48124998807907104 0.6512500047683716 0.06749999523162842 0.19249999523162842
0 0.5900000333786011 0.5837500095367432 0.0350000262260437 0.10750001668930054
0 0.7237499952316284 0.5912500023841858 0.047500014305114746 0.10749995708465576
9 0.3799999952316284 0.6225000023841858 0.05500000715255737 0.13499999046325684
0 0.9225000143051147 0.7712500095367432 0.11000001430511475 0.30250000953674316
0 0.7712500095367432 0.5837500095367432 0.052500009536743164 0.11750000715255737
0 0.6225000023841858 0.5837500095367432 0.029999971389770508 0.10249996185302734
0 0.9049999713897705 0.6137499809265137 0.07499998807907104 0.09250003099441528
0 0.4624999761581421 0.5625 0.030000001192092896 0.08000004291534424
