5 0.1390703022480011 0.4192037284374237 0.24998436868190765 0.36533957719802856
7 0.5472421646118164 0.5541686415672302 0.3088594079017639 0.47011712193489075
0 0.845523476600647 0.4357025623321533 0.04314059019088745 0.24498829245567322
0 0.6732890605926514 0.4246370196342468 0.06789064407348633 0.2286182940006256
6 0.7481952905654907 0.4749999940395355 0.034578144550323486 0.14981263875961304
0 0.9151718616485596 0.44629979133605957 0.05031251907348633 0.2167213261127472
5 0.6570703387260437 0.4882201552391052 0.04926562309265137 0.13672128319740295
0 0.7456874847412109 0.44810304045677185 0.043093740940093994 0.2185479998588562
0 0.8809062242507935 0.4979976713657379 0.022656261920928955 0.01557379961013794
1 0.8312499523162842 0.4344262480735779 0.12812501192092896 0.12880560755729675
