1 0.7346718311309814 0.7032291889190674 0.2370937466621399 0.2537500262260437
1 0.27730467915534973 0.5920729637145996 0.10260938107967377 0.08131247758865356
1 0.5533125400543213 0.666979193687439 0.16306251287460327 0.16495829820632935
1 0.234187513589859 0.5729062557220459 0.061750009655952454 0.04452085494995117
3 0.7884687185287476 0.5437812805175781 0.3629687428474426 0.20197919011116028
3 0.5273749828338623 0.5351250171661377 0.10696873068809509 0.0767916738986969
0 0.8824530839920044 0.7516145706176758 0.082156240940094 0.3930208086967468
0 0.3305937647819519 0.5463541746139526 0.031500011682510376 0.013291656970977783
0 0.48897653818130493 0.5889166593551636 0.022984355688095093 0.09404170513153076
10 0.06090625002980232 0.5835208296775818 0.12090625613927841 0.08899998664855957
0 0.19226562976837158 0.5525833368301392 0.010093748569488525 0.022208333015441895
0 0.12578125298023224 0.574999988079071 0.02968750149011612 0.09583330154418945
0 0.3843749761581421 0.7635416388511658 0.18125000596046448 0.46875
0 0.46484375 0.6000000238418579 0.0390625 0.11666667461395264
