5 0.8560070395469666 0.8104921579360962 0.22063231468200684 0.2727343440055847
1 0.15468384325504303 0.4996874928474426 0.20018735527992249 0.11609375476837158
4 0.321498841047287 0.614187479019165 0.5064637064933777 0.3934062421321869
3 0.17489461600780487 0.1342187523841858 0.21213117241859436 0.09781250357627869
4 0.5766627788543701 0.3631015717983246 0.07529276609420776 0.10732811689376831
0 0.2125292718410492 0.41614842414855957 0.13489460945129395 0.185796856880188
9 0.34984779357910156 0.35484373569488525 0.1638641655445099 0.12175002694129944
9 0.25637000799179077 0.33650779724121094 0.07737705111503601 0.08776560425758362
9 0.30145198106765747 0.3159453272819519 0.05569085478782654 0.06667187809944153
0 0.4447775185108185 0.311648428440094 0.05156910419464111 0.08198437094688416
0 0.36531615257263184 0.8063046932220459 0.3466510772705078 0.3811405897140503
0 0.6362177729606628 0.700265645980835 0.2505152225494385 0.4738124907016754
0 0.7815573215484619 0.3646484315395355 0.10555034875869751 0.18585938215255737
0 0.8739578723907471 0.37776562571525574 0.10060888528823853 0.19921875
4 0.32621780037879944 0.4535781145095825 0.151311457157135 0.10096871852874756
4 0.11899297684431076 0.37421876192092896 0.12599532306194305 0.12856248021125793
5 0.35364168882369995 0.4573593735694885 0.07711943984031677 0.05043751001358032
4 0.656709611415863 0.40223437547683716 0.13065576553344727 0.19237500429153442
5 0.4988290071487427 0.44921875 0.2482435405254364 0.28593751788139343
5 0.37470725178718567 0.4789062738418579 0.12646371126174927 0.12656250596046448
