0 0.02500000037252903 0.5612499713897705 0.03500000014901161 0.07750004529953003
0 0.061250001192092896 0.5562499761581421 0.027500003576278687 0.07249999046325684
0 0.14000000059604645 0.5362499952316284 0.030000001192092896 0.047500014305114746
0 0.24500000476837158 0.5399999618530273 0.05500000715255737 0.04000002145767212
0 0.16750000417232513 0.5337499976158142 0.025000005960464478 0.047500014305114746
0 0.48874998092651367 0.5587499737739563 0.01750001311302185 0.05750000476837158
0 0.4975000023841858 0.5974999666213989 0.03999999165534973 0.08499997854232788
0 0.5900000333786011 0.6087499856948853 0.04500001668930054 0.10750001668930054
1 0.7475000023841858 0.6000000238418579 0.21500003337860107 0.10499995946884155
1 0.9137499928474426 0.5787500143051147 0.16750001907348633 0.0975000262260437
1 0.21249999105930328 0.643750011920929 0.4000000059604645 0.1625000238418579
1 0.32374998927116394 0.7437499761581421 0.5324999690055847 0.28749996423721313
1 0.9325000047683716 0.7462500333786011 0.12999999523162842 0.2475000023841858
