1 0.09348437190055847 0.6089906096458435 0.17800000309944153 0.13032865524291992
1 0.9191093444824219 0.6380868554115295 0.16178125143051147 0.27138495445251465
1 0.796945333480835 0.5683215856552124 0.022765636444091797 0.049694836139678955
0 0.05255468934774399 0.5189319252967834 0.1022656261920929 0.17096245288848877
0 0.7665547132492065 0.5752816796302795 0.01748436689376831 0.06117367744445801
1 0.2214687466621399 0.565821647644043 0.2433750033378601 0.1290610432624817
0 0.8140624761581421 0.5774648189544678 0.028124988079071045 0.06572765111923218
0 0.546093761920929 0.5586854219436646 0.0234375 0.07511740922927856
0 0.5796874761581421 0.5586854219436646 0.03125 0.10328638553619385
0 0.4976562559604645 0.5586854219436646 0.026562511920928955 0.09389668703079224
0 0.45703125 0.5575117468833923 0.035937488079071045 0.08685445785522461
0 0.7515624761581421 0.7265258431434631 0.34999996423721313 0.5469483137130737
