0 0.05250000208616257 0.6212500333786011 0.07500000298023224 0.16249996423721313
0 0.24125000834465027 0.5887500047683716 0.052500009536743164 0.08749997615814209
0 0.3087500035762787 0.5850000381469727 0.04250001907348633 0.06499999761581421
0 0.35374999046325684 0.5787500143051147 0.03749999403953552 0.0625
0 0.1525000035762787 0.6062500476837158 0.04999999701976776 0.13749998807907104
0 0.5587500333786011 0.7312500476837158 0.08750003576278687 0.2475000023841858
8 0.6162500381469727 0.7224999666213989 0.04249995946884155 0.1600000262260437
8 0.6649999618530273 0.7537499666213989 0.06499999761581421 0.1975000500679016
8 0.7412500381469727 0.7574999928474426 0.09250003099441528 0.23500001430511475
8 0.7825000286102295 0.6525000333786011 0.07999998331069946 0.16500002145767212
0 0.6649999618530273 0.6137499809265137 0.0350000262260437 0.08249998092651367
0 0.6987500190734863 0.581250011920929 0.03249996900558472 0.08249998092651367
8 0.8687499761581421 0.762499988079071 0.1274999976158142 0.26499998569488525
0 0.5774999856948853 0.5687500238418579 0.02499997615814209 0.08250004053115845
1 0.9287500381469727 0.5287500023841858 0.04249995946884155 0.01750004291534424
0 0.8550000190734863 0.5487499833106995 0.025000035762786865 0.04250001907348633
