0 0.05874999985098839 0.5837500095367432 0.08749999850988388 0.11250001192092896
2 0.4662500023841858 0.5862500071525574 0.1575000286102295 0.20249998569488525
4 0.543749988079071 0.6549999713897705 0.14250001311302185 0.17500001192092896
2 0.7637499570846558 0.7987500429153442 0.4675000309944153 0.3974999785423279
0 0.6737499833106995 0.5737500190734863 0.07249999046325684 0.0625
5 0.1537500023841858 0.5962499976158142 0.0925000011920929 0.05750000476837158
0 0.20000000298023224 0.5724999904632568 0.034999996423721313 0.07999998331069946
1 0.23374998569488525 0.543749988079071 0.05749998986721039 0.047500014305114746
1 0.3774999976158142 0.5600000023841858 0.034999996423721313 0.0700000524520874
10 0.26749998331069946 0.5087500214576721 0.22999998927116394 0.06250002980232239
