4 0.3762499988079071 0.7174999713897705 0.11750000715255737 0.18000000715255737
4 0.3050000071525574 0.6662499904632568 0.07499998807907104 0.1875
4 0.2199999988079071 0.6499999761581421 0.1550000160932541 0.1600000262260437
4 0.16625000536441803 0.6162500381469727 0.16749998927116394 0.16749995946884155
4 0.08749999850988388 0.6062500476837158 0.06499999761581421 0.11750000715255737
4 0.06749999523162842 0.5812499523162842 0.11999999731779099 0.11750000715255737
0 0.9487500190734863 0.8337500095367432 0.0975000262260437 0.32749998569488525
0 0.7887499928474426 0.5774999856948853 0.027500033378601074 0.06999999284744263
0 0.8350000381469727 0.5712500214576721 0.030000030994415283 0.07749998569488525
0 0.8612500429153442 0.5587499737739563 0.02249997854232788 0.05750000476837158
0 0.7687499523162842 0.5537499785423279 0.02249997854232788 0.052500009536743164
