1 0.8587109446525574 0.5139166712760925 0.05898439884185791 0.06291666626930237
1 0.33960938453674316 0.4859374761581421 0.03078123927116394 0.026708334684371948
1 0.2915703058242798 0.48245835304260254 0.03707811236381531 0.040458351373672485
1 0.3294999897480011 0.47965624928474426 0.023656249046325684 0.0261458158493042
1 0.824093759059906 0.5091249942779541 0.025156259536743164 0.039708346128463745
1 0.9252578020095825 0.4740416407585144 0.02092188596725464 0.02266666293144226
1 0.7730781435966492 0.46681249141693115 0.016250014305114746 0.023416668176651
1 0.7616952657699585 0.46823957562446594 0.011609375476837158 0.022604167461395264
1 0.7501640319824219 0.4701041579246521 0.021078169345855713 0.028499990701675415
1 0.7360156774520874 0.44971877336502075 0.019656240940093994 0.01964583992958069
1 0.6966797113418579 0.45486459136009216 0.01935940980911255 0.01181250810623169
1 0.7899843454360962 0.46038541197776794 0.014562547206878662 0.022770822048187256
1 0.8696562051773071 0.44462502002716064 0.02424997091293335 0.017791658639907837
4 0.6499999761581421 0.5208333134651184 0.06874996423721313 0.1874999701976776
4 0.520312488079071 0.503125011920929 0.03750002384185791 0.10208335518836975
4 0.23046875 0.5020833015441895 0.06718748807907104 0.17500001192092896
4 0.4085937738418579 0.5177083015441895 0.07968750596046448 0.23124998807907104
4 0.44609373807907104 0.4895833432674408 0.026562482118606567 0.10416668653488159
