1 0.9455900192260742 0.39286667108535767 0.10882002115249634 0.10685333609580994
0 0.7290199995040894 0.5391600131988525 0.12996000051498413 0.46322667598724365
0 0.2739599943161011 0.5892266631126404 0.14527998864650726 0.5815466642379761
0 0.8594800233840942 0.41811999678611755 0.05871999263763428 0.16290664672851562
0 0.8285999894142151 0.4007333517074585 0.04628002643585205 0.17602667212486267
0 0.5815199613571167 0.5377600193023682 0.1143600344657898 0.45866668224334717
4 0.12313999980688095 0.6340533494949341 0.15723998844623566 0.34543997049331665
4 0.6767500042915344 0.5497333407402039 0.061499953269958496 0.18944001197814941
3 0.9308199882507324 0.32809334993362427 0.13836002349853516 0.10344001650810242
0 0.34815001487731934 0.5402933359146118 0.03669998049736023 0.3988266885280609
1 0.651419997215271 0.3401733338832855 0.07340002059936523 0.047813355922698975
4 0.2236500084400177 0.5816667079925537 0.11130000650882721 0.21799999475479126
10 0.23100000619888306 0.3146666884422302 0.33799999952316284 0.19200000166893005
4 0.9269999861717224 0.7346667051315308 0.1380000114440918 0.3920000195503235
10 0.27399998903274536 0.2879999876022339 0.4440000057220459 0.1759999841451645
