1 0.1923828125 0.3192037343978882 0.07632812857627869 0.24135830998420715
0 0.7198984622955322 0.47009366750717163 0.16567188501358032 0.6704449653625488
8 0.3658984303474426 0.5247775316238403 0.21789062023162842 0.9211709499359131
0 0.5056015849113464 0.517447292804718 0.20701566338539124 0.843747079372406
0 0.23846092820167542 0.43366509675979614 0.0982968658208847 0.6509835720062256
1 0.4333515763282776 0.19416862726211548 0.055546849966049194 0.06903980672359467
1 0.12352344393730164 0.1998477727174759 0.047421880066394806 0.037728339433670044
1 0.06687500327825546 0.20080795884132385 0.042343754321336746 0.028407499194145203
1 0.006859375163912773 0.19932083785533905 0.013718750327825546 0.037704914808273315
2 0.8658125400543213 0.42882904410362244 0.2683749794960022 0.8266510367393494
