3 0.4037734270095825 0.6565346717834473 0.6056718826293945 0.4639604091644287
0 0.8148437738418579 0.7594554424285889 0.12968748807907104 0.2335643768310547
0 0.7524765729904175 0.6913118362426758 0.0630156397819519 0.16024750471115112
1 0.054820314049720764 0.6754826307296753 0.10964062809944153 0.1041831374168396
1 0.926937460899353 0.6775124073028564 0.12059372663497925 0.0665099024772644
6 0.923171877861023 0.7459900975227356 0.009093761444091797 0.1098020076751709
0 0.7105547189712524 0.7100619077682495 0.02048438787460327 0.20814353227615356
1 0.02734375 0.6163365840911865 0.05156250298023224 0.03465348482131958
1 0.07968750596046448 0.6200494766235352 0.05312500149011612 0.027227699756622314
0 0.06718750298023224 0.6138613820075989 0.00937499850988388 0.019801974296569824
1 0.831250011920929 0.7153465747833252 0.1875 0.1336633563041687
