0 0.8862500190734863 0.6899999976158142 0.08750003576278687 0.23500001430511475
0 0.8450000286102295 0.6449999809265137 0.050000011920928955 0.16500002145767212
0 0.9412500262260437 0.6324999928474426 0.0625 0.15999996662139893
0 0.7975000143051147 0.6075000166893005 0.06000000238418579 0.14499998092651367
0 0.731249988079071 0.6000000238418579 0.05750000476837158 0.10999995470046997
0 0.6825000047683716 0.559999942779541 0.019999980926513672 0.06000000238418579
0 0.6225000023841858 0.5649999976158142 0.02499997615814209 0.07500004768371582
0 0.5412499904632568 0.5575000047683716 0.027500033378601074 0.08000004291534424
0 0.5849999785423279 0.5387499928474426 0.014999985694885254 0.047500014305114746
0 0.956250011920929 0.5575000047683716 0.03250002861022949 0.04499995708465576
0 0.9837499856948853 0.6237499713897705 0.03250002861022949 0.14749997854232788
