0 0.9162499904632568 0.7849999666213989 0.16750001907348633 0.32499998807907104
0 0.07999999821186066 0.7274999618530273 0.10499998927116394 0.22499996423721313
0 0.28999999165534973 0.6399999856948853 0.07499998807907104 0.16500002145767212
0 0.22374999523162842 0.5800000429153442 0.05249999463558197 0.0899999737739563
0 0.26125001907348633 0.5649999976158142 0.027500003576278687 0.08500003814697266
0 0.3712500035762787 0.6137499809265137 0.06749999523162842 0.14249998331069946
0 0.08749999850988388 0.5587500333786011 0.04500000178813934 0.08250004053115845
0 0.16374999284744263 0.5462499856948853 0.022499993443489075 0.052500009536743164
0 0.32749998569488525 0.5449999570846558 0.025000005960464478 0.05500000715255737
0 0.29874998331069946 0.5462499856948853 0.01750001311302185 0.05750000476837158
0 0.1237500011920929 0.5649999976158142 0.032499998807907104 0.07500004768371582
