3 0.3467734456062317 0.453723669052124 0.05507811903953552 0.07718971371650696
0 0.5222265720367432 0.6175292730331421 0.06007814407348633 0.23740044236183167
0 0.4609765410423279 0.6144379377365112 0.061140626668930054 0.25238874554634094
0 0.6322499513626099 0.6348711848258972 0.08237498998641968 0.35892271995544434
0 0.3925468921661377 0.695889949798584 0.12537500262260437 0.4456440508365631
0 0.5579218864440918 0.5785714387893677 0.04306250810623169 0.1697423756122589
0 0.5408281087875366 0.5052459239959717 0.012125015258789062 0.03522247076034546
1 0.05989062413573265 0.5457260012626648 0.11743750423192978 0.1292974054813385
1 0.1385234296321869 0.5257962942123413 0.0475468784570694 0.06798595190048218
1 0.9566484689712524 0.7046838402748108 0.08526557683944702 0.15971899032592773
1 0.3014531135559082 0.4963231682777405 0.032218754291534424 0.03658077120780945
1 0.3134218752384186 0.4917095899581909 0.024687528610229492 0.03672131896018982
1 0.17027343809604645 0.5222599506378174 0.03517186641693115 0.060819655656814575
1 0.19670313596725464 0.5193325281143188 0.03425000607967377 0.0594613254070282
1 0.11659374833106995 0.5274473428726196 0.02825000137090683 0.07400470972061157
1 0.20923438668251038 0.5099297761917114 0.04506249725818634 0.06196719408035278
1 0.24101562798023224 0.51231849193573 0.02371874451637268 0.05039811134338379
1 0.41215625405311584 0.4801170825958252 0.025812506675720215 0.017189711332321167
1 0.25565624237060547 0.5105152130126953 0.02175000309944153 0.04646369814872742
1 0.3218749761581421 0.488290399312973 0.025000005960464478 0.03981262445449829
1 0.35078126192092896 0.5843091011047363 0.04531249403953552 0.13817328214645386
1 0.42500001192092896 0.46135830879211426 0.025000005960464478 0.03278687596321106
1 0.36250001192092896 0.5070257782936096 0.028125017881393433 0.030444979667663574
0 0.5687500238418579 0.5199062824249268 0.009375035762786865 0.06088989973068237
1 0.17656248807907104 0.4836065471172333 0.02812500298023224 0.025761127471923828
0 0.04140625149011612 0.5011709332466125 0.0703125 0.05152222514152527
