1 0.26410937309265137 0.9207916259765625 0.129031240940094 0.06762498617172241
1 0.3255234360694885 0.8903437256813049 0.04279685020446777 0.04064583778381348
1 0.04453124850988388 0.9280729293823242 0.08906249701976776 0.08122915029525757
1 0.21688280999660492 0.890625 0.04220312833786011 0.03750002384185791
0 0.5167655944824219 0.945479154586792 0.044874995946884155 0.10904169082641602
0 0.5591015815734863 0.887302041053772 0.013421893119812012 0.043145835399627686
0 0.8797734379768372 0.9306666851043701 0.021953105926513672 0.07095831632614136
0 0.6364843845367432 0.8904062509536743 0.01015627384185791 0.04839587211608887
0 0.5408437252044678 0.8909895420074463 0.01825004816055298 0.04606252908706665
0 0.5005390644073486 0.8850729465484619 0.0189531147480011 0.04960411787033081
1 0.3331953287124634 0.8678125143051147 0.05114063620567322 0.02704167366027832
0 0.8605859279632568 0.926937460899353 0.022671878337860107 0.07791668176651001
1 0.29545313119888306 0.8881250023841858 0.02809375524520874 0.032541632652282715
1 0.4072343707084656 0.858552098274231 0.010281264781951904 0.010770857334136963
3 0.5109453201293945 0.8471875190734863 0.014453113079071045 0.01641666889190674
1 0.599359393119812 0.8541353940963745 0.011125028133392334 0.016520798206329346
0 0.26875001192092896 0.9447916746139526 0.025000005960464478 0.10624998807907104
3 0.4921875 0.8479166626930237 0.018749982118606567 0.016666650772094727
0 0.694531261920929 0.9375 0.04843747615814209 0.125
1 0.7265625 0.9208333492279053 0.14374995231628418 0.06666666269302368
