0 0.6549999713897705 0.7962499856948853 0.08499997854232788 0.3174999952316284
0 0.8700000047683716 0.8412500023841858 0.23500001430511475 0.3125
0 0.9424999952316284 0.7112500071525574 0.08500003814697266 0.2174999713897705
0 0.7887499928474426 0.6375000476837158 0.20749998092651367 0.17500001192092896
0 0.7999999523162842 0.5862500071525574 0.04000002145767212 0.08249998092651367
0 0.6012499928474426 0.6912500262260437 0.052500009536743164 0.1875
0 0.5525000095367432 0.6312500238418579 0.05500000715255737 0.14249998331069946
0 0.6287499666213989 0.5687500238418579 0.03249996900558472 0.08250004053115845
0 0.7237499952316284 0.5337499976158142 0.022500038146972656 0.05750000476837158
0 0.20750001072883606 0.5699999928474426 0.04999999701976776 0.09500002861022949
0 0.42250001430511475 0.5649999976158142 0.03999999165534973 0.09500002861022949
0 0.04874999821186066 0.5774999856948853 0.09749999642372131 0.12000000476837158
4 0.9337500333786011 0.5987499952316284 0.1274999976158142 0.10249996185302734
4 0.8474999666213989 0.5824999809265137 0.06000000238418579 0.05500000715255737
0 0.6775000095367432 0.53125 0.039999961853027344 0.052500009536743164
