1 0.8788046836853027 0.5494588613510132 0.2388594150543213 0.25162357091903687
1 0.7068593502044678 0.4620823562145233 0.16690629720687866 0.2476000189781189
1 0.5700469017028809 0.5298705697059631 0.1730937361717224 0.2155529260635376
3 0.4242187440395355 0.4082352817058563 0.12031251192092896 0.19999998807907104
0 0.20396876335144043 0.5626117587089539 0.0793437510728836 0.3222588300704956
0 0.019343750551342964 0.5080588459968567 0.03868750110268593 0.20058825612068176
0 0.028812499716877937 0.4250117540359497 0.030250001698732376 0.07534119486808777
10 0.8820468783378601 0.35500001907348633 0.23590624332427979 0.25823530554771423
1 0.6130390167236328 0.44404706358909607 0.051109373569488525 0.07567059993743896
3 0.29017969965934753 0.40507060289382935 0.055765628814697266 0.0759294331073761
0 0.04749999940395355 0.4393293857574463 0.017343752086162567 0.10214117169380188
1 0.2890937328338623 0.44788235425949097 0.05540624260902405 0.06785881519317627
7 0.4625000059604645 0.570588231086731 0.09062498807907104 0.3929412066936493
