0 0.4312500059604645 0.6025000214576721 0.047500014305114746 0.12999999523162842
4 0.5449999570846558 0.5987499952316284 0.06000000238418579 0.11249995231628418
4 0.606249988079071 0.6037499904632568 0.06749999523162842 0.11250001192092896
4 0.6875 0.5562499761581421 0.07500004768371582 0.0625
4 0.7362499833106995 0.6112500429153442 0.08249998092651367 0.09250003099441528
4 0.7862499952316284 0.6087499856948853 0.047500014305114746 0.08249998092651367
4 0.8362500071525574 0.6087499856948853 0.09249997138977051 0.10250002145767212
4 0.8999999761581421 0.6037499904632568 0.06499999761581421 0.10249996185302734
4 0.9537500143051147 0.6062500476837158 0.08749997615814209 0.10750001668930054
4 0.08375000208616257 0.6037499904632568 0.13250000774860382 0.12250000238418579
0 0.2475000023841858 0.5249999761581421 0.024999991059303284 0.050000011920928955
4 0.17249999940395355 0.5162500143051147 0.04499998688697815 0.03250002861022949
