0 0.37289583683013916 0.5544531345367432 0.04270833730697632 0.10393750667572021
0 0.3045729398727417 0.5583906173706055 0.05027082562446594 0.10656249523162842
0 0.7478125095367432 0.5360156297683716 0.07558333873748779 0.10384371876716614
0 0.8096979260444641 0.5283515453338623 0.02818751335144043 0.0724843442440033
0 0.7668853998184204 0.5265234708786011 0.0272291898727417 0.07429689168930054
0 0.8677395582199097 0.5338125228881836 0.034562528133392334 0.10087496042251587
0 0.22882291674613953 0.5785233974456787 0.07639582455158234 0.1085469126701355
0 0.7976354360580444 0.5288749933242798 0.031020820140838623 0.07987499237060547
0 0.3229374885559082 0.5172969102859497 0.02970835566520691 0.028468787670135498
0 0.5760416984558105 0.714062511920929 0.33125001192092896 0.5625
