1 0.883968710899353 0.5192792415618896 0.22865623235702515 0.3636936545372009
1 0.4921562373638153 0.5492454767227173 0.2045624852180481 0.19795045256614685
1 0.18446093797683716 0.5008108019828796 0.08832812309265137 0.19630631804466248
1 0.25337499380111694 0.5332545042037964 0.04206250607967377 0.08997750282287598
1 0.01875000074505806 0.511362612247467 0.03750000149011612 0.07695946097373962
1 0.577468752861023 0.5456756949424744 0.10443747043609619 0.14666667580604553
1 0.7035703063011169 0.5392792820930481 0.1767030954360962 0.20918917655944824
0 0.348757803440094 0.5781193971633911 0.17189061641693115 0.6115540266036987
0 0.09879687428474426 0.5611599087715149 0.13053125143051147 0.5184910297393799
1 0.04374999925494194 0.5168918967247009 0.04374999552965164 0.056306272745132446
