0 0.8287500143051147 0.8537499904632568 0.17250001430511475 0.2875000238418579
0 0.5512499809265137 0.8412500023841858 0.1574999988079071 0.3174999952316284
4 0.3449999988079071 0.5800000429153442 0.05500000715255737 0.07999998331069946
4 0.3837500214576721 0.5837500095367432 0.027500003576278687 0.05750000476837158
0 0.6475000381469727 0.6075000166893005 0.06000000238418579 0.12999999523162842
0 0.8274999856948853 0.6599999666213989 0.07499998807907104 0.1850000023841858
0 0.9137499928474426 0.6937500238418579 0.10249996185302734 0.20750004053115845
0 0.2487500011920929 0.5974999666213989 0.07249999046325684 0.09499996900558472
0 0.7237499952316284 0.5987499952316284 0.03750002384185791 0.11249995231628418
0 0.10750000178813934 0.5824999809265137 0.044999994337558746 0.0899999737739563
0 0.03749999776482582 0.5824999809265137 0.054999999701976776 0.0899999737739563
4 0.40625 0.5750000476837158 0.0274999737739563 0.06000000238418579
4 0.44749999046325684 0.5699999928474426 0.03999999165534973 0.04499995708465576
