0 0.06499999761581421 0.6825000047683716 0.12999999523162842 0.23000001907348633
9 0.3212500214576721 0.6462500095367432 0.07750001549720764 0.11750000715255737
9 0.3487499952316284 0.6112499833106995 0.03749999403953552 0.047500014305114746
9 0.38875001668930054 0.6074999570846558 0.04749998450279236 0.050000011920928955
9 0.4325000047683716 0.6237499713897705 0.05500000715255737 0.05749994516372681
0 0.6387500166893005 0.668749988079071 0.052500009536743164 0.16750001907348633
0 0.5962499976158142 0.6387499570846558 0.04250001907348633 0.11750000715255737
0 0.9199999570846558 0.6050000190734863 0.04500001668930054 0.09999996423721313
0 0.981249988079071 0.6787500381469727 0.03750002384185791 0.14749997854232788
0 0.6837500333786011 0.6424999833106995 0.05249994993209839 0.12000000476837158
0 0.7487499713897705 0.6012499928474426 0.05249994993209839 0.10749995708465576
0 0.8087500333786011 0.6062500476837158 0.04249995946884155 0.10250002145767212
0 0.5575000047683716 0.5575000047683716 0.02499997615814209 0.05500000715255737
