1 0.2770703136920929 0.755373477935791 0.10582812130451202 0.09204816818237305
1 0.08257812261581421 0.72568678855896 0.021687500178813934 0.02968674898147583
1 0.0439765602350235 0.7216506004333496 0.025859374552965164 0.026433706283569336
1 0.10838281363248825 0.7275180816650391 0.03107813000679016 0.03306025266647339
1 0.06871093809604645 0.722144603729248 0.022234376519918442 0.02737349271774292
2 0.6005703210830688 0.7373614311218262 0.3017343580722809 0.19462651014328003
3 0.8721093535423279 0.6932650804519653 0.2549999952316284 0.3618072271347046
0 0.3226640522480011 0.7238433361053467 0.01292186975479126 0.05298799276351929
0 0.35926562547683716 0.7229276895523071 0.011343777179718018 0.0467228889465332
1 0.010437499731779099 0.7213493585586548 0.020874999463558197 0.027518093585968018
0 0.13154688477516174 0.7121927738189697 0.011593744158744812 0.0310361385345459
