0 0.9212499856948853 0.8212499618530273 0.1575000286102295 0.35750001668930054
0 0.7450000047683716 0.8149999976158142 0.13499999046325684 0.36500000953674316
0 0.6037499904632568 0.7637500166893005 0.12250000238418579 0.3174999952316284
0 0.5262500047683716 0.574999988079071 0.08249998092651367 0.125
0 0.1599999964237213 0.6625000238418579 0.10500000417232513 0.1899999976158142
0 0.2800000011920929 0.5649999976158142 0.050000011920928955 0.11000001430511475
0 0.4650000035762787 0.5587500333786011 0.04000002145767212 0.10750001668930054
0 0.3737499713897705 0.5225000381469727 0.032499998807907104 0.06999999284744263
0 0.2175000011920929 0.5712499618530273 0.04500000178813934 0.11750000715255737
0 0.15625 0.5587500333786011 0.06749999523162842 0.07750004529953003
0 0.32999998331069946 0.5349999666213989 0.034999996423721313 0.07999998331069946
0 0.09375 0.5562499761581421 0.042500004172325134 0.0975000262260437
