1 0.9067968726158142 0.6684479117393494 0.1481250524520874 0.14227080345153809
1 0.9792265892028809 0.6405521035194397 0.04154688119888306 0.053812503814697266
1 0.7360312938690186 0.6260104179382324 0.05434376001358032 0.042104125022888184
0 0.7802499532699585 0.6504374742507935 0.03031247854232788 0.1197083592414856
0 0.5441328287124634 0.6521146297454834 0.02364063262939453 0.12135416269302368
0 0.4944687485694885 0.6585833430290222 0.019124984741210938 0.09779167175292969
0 0.06207031011581421 0.6581979393959045 0.018171872943639755 0.050395846366882324
2 0.24470311403274536 0.6625833511352539 0.03968749940395355 0.04787498712539673
10 0.37578123807907104 0.6414687633514404 0.22343751788139343 0.312895804643631
1 0.2170703113079071 0.672489583492279 0.0292656272649765 0.03902077674865723
10 0.16498437523841858 0.6713854074478149 0.08903124928474426 0.08427083492279053
1 0.03923437371850014 0.7023333311080933 0.07846874743700027 0.13075000047683716
10 0.8774843811988831 0.6237499713897705 0.20521879196166992 0.0927082896232605
1 0.09628906100988388 0.6837708353996277 0.03420312702655792 0.028041720390319824
1 0.546875 0.6552083492279053 0.05937504768371582 0.05208331346511841
4 0.550000011920929 0.6739583015441895 0.03125 0.0479167103767395
0 0.696093738079071 0.6489583253860474 0.04843747615814209 0.14375001192092896
1 0.74609375 0.6416666507720947 0.0390625 0.03333336114883423
1 0.7609374523162842 0.628125011920929 0.012499988079071045 0.04791665077209473
