9 0.1550000011920929 0.6675000190734863 0.06499999761581421 0.125
9 0.07124999910593033 0.6725000143051147 0.06749999523162842 0.10000002384185791
0 0.39499998092651367 0.6225000023841858 0.034999996423721313 0.11500000953674316
0 0.45125001668930054 0.6287499666213989 0.04249998927116394 0.07250005006790161
9 0.30124998092651367 0.6425000429153442 0.052499979734420776 0.06999999284744263
9 0.2175000011920929 0.6625000238418579 0.050000011920928955 0.07999998331069946
0 0.6812499761581421 0.6037499904632568 0.037499964237213135 0.08749997615814209
0 0.7124999761581421 0.5924999713897705 0.030000030994415283 0.10499995946884155
9 0.6124999523162842 0.6074999570846558 0.04000002145767212 0.07499998807907104
2 0.9624999761581421 0.6150000095367432 0.07499998807907104 0.12999999523162842
