1 0.9564999938011169 0.805180549621582 0.08615624904632568 0.3648611307144165
3 0.45948439836502075 0.49662500619888306 0.5903124809265137 0.7865277528762817
0 0.7790234088897705 0.7108194828033447 0.029828131198883057 0.14230555295944214
0 0.8090156316757202 0.7161111235618591 0.01556253433227539 0.1328333616256714
0 0.8288593888282776 0.7114166617393494 0.02649998664855957 0.16455554962158203
0 0.8485937714576721 0.7124722003936768 0.02037501335144043 0.14372223615646362
0 0.9170469045639038 0.6566944122314453 0.02821880578994751 0.06822222471237183
0 0.9444687366485596 0.6745138764381409 0.022468745708465576 0.11652779579162598
0 0.8624062538146973 0.6928888559341431 0.025375008583068848 0.11566668748855591
2 0.0833437517285347 0.6896666288375854 0.11315624415874481 0.16883331537246704
2 0.01743750087916851 0.690500020980835 0.03487500175833702 0.13844448328018188
4 0.90234375 0.7194443941116333 0.0859375 0.19999998807907104
