1 0.6322890520095825 0.6080833077430725 0.11554688215255737 0.17605555057525635
1 0.8481484651565552 0.6289166212081909 0.15770310163497925 0.17844444513320923
1 0.7398905754089355 0.5959861278533936 0.08781248331069946 0.12069445848464966
1 0.5705702900886536 0.5864166617393494 0.043203115463256836 0.0954444408416748
1 0.6850546598434448 0.5721805691719055 0.04460936784744263 0.08525002002716064
0 0.9881640672683716 0.612666666507721 0.023671865463256836 0.1632777452468872
0 0.9588828086853027 0.5564028024673462 0.017484426498413086 0.0698055624961853
3 0.6496015787124634 0.45969444513320923 0.0919530987739563 0.14600002765655518
8 0.25425779819488525 0.5679028034210205 0.008046895265579224 0.049472272396087646
3 0.5598046779632568 0.488361120223999 0.09345310926437378 0.23399999737739563
0 0.06015625223517418 0.6041666269302368 0.02968750149011612 0.14722222089767456
0 0.01953125 0.6041666269302368 0.02656249888241291 0.15833336114883423
0 0.40937501192092896 0.6041666269302368 0.05312499403953552 0.19166666269302368
