2 0.07249999791383743 0.5462499856948853 0.14000000059604645 0.1525000035762787
5 0.4975000023841858 0.7324999570846558 0.12000000476837158 0.15500003099441528
5 0.5612499713897705 0.7925000190734863 0.09250003099441528 0.23000001907348633
5 0.6162500381469727 0.8450000286102295 0.12250000238418579 0.2850000262260437
5 0.7350000143051147 0.8687499761581421 0.11500000953674316 0.26249998807907104
4 0.36500000953674316 0.5800000429153442 0.08000001311302185 0.07499998807907104
0 0.5774999856948853 0.5737500190734863 0.019999980926513672 0.0625
0 0.6012499928474426 0.5750000476837158 0.03250002861022949 0.06999999284744263
1 0.5037500262260437 0.5449999570846558 0.09749999642372131 0.04500001668930054
1 0.1862500011920929 0.5612499713897705 0.1274999976158142 0.04749995470046997
1 0.2150000035762787 0.5325000286102295 0.040000006556510925 0.025000035762786865
