1 0.21243181824684143 0.5243510603904724 0.2616363763809204 0.11010634899139404
1 0.5303068161010742 0.5080851316452026 0.11097729206085205 0.06982976198196411
0 0.8047045469284058 0.5072340369224548 0.05263638496398926 0.14731916785240173
0 0.9059886336326599 0.5038297772407532 0.05002272129058838 0.13242551684379578
1 0.0862840861082077 0.5183616876602173 0.1273409128189087 0.07238298654556274
1 0.027181819081306458 0.5062021613121033 0.054363638162612915 0.06210640072822571
1 0.46287500858306885 0.4987340569496155 0.05470454692840576 0.09678724408149719
1 0.740693211555481 0.5003936290740967 0.11075001955032349 0.11248937249183655
2 0.6351250410079956 0.431723415851593 0.2009318470954895 0.08497872948646545
5 0.6727272272109985 0.5840425491333008 0.3272727131843567 0.33829784393310547
