0 0.38462498784065247 0.5742083191871643 0.01887500286102295 0.03291666507720947
0 0.5588515400886536 0.691777765750885 0.06273436546325684 0.24794447422027588
1 0.3898203372955322 0.6772222518920898 0.19764062762260437 0.17644447088241577
1 0.758718729019165 0.6241666674613953 0.0715937614440918 0.1315000057220459
1 0.9234374761581421 0.8730278015136719 0.15312498807907104 0.24944442510604858
1 0.49367186427116394 0.6277360916137695 0.0717499852180481 0.0828055739402771
1 0.531000018119812 0.6194166541099548 0.031218767166137695 0.07361114025115967
1 0.6276484727859497 0.5578888654708862 0.028796851634979248 0.016944468021392822
1 0.8011952638626099 0.5943472385406494 0.018109381198883057 0.03997224569320679
0 0.48659375309944153 0.5781388878822327 0.0065000057220458984 0.016222238540649414
0 0.5235234498977661 0.5173749923706055 0.00429689884185791 0.009694457054138184
9 0.015687499195337296 0.6428333520889282 0.03137499839067459 0.10377776622772217
1 0.6000000238418579 0.6847222447395325 0.15000003576278687 0.1527777910232544
