1 0.8519062995910645 0.6342708468437195 0.18981248140335083 0.2786250114440918
2 0.25751563906669617 0.5105208158493042 0.3369375169277191 0.2557083070278168
3 0.7516875267028809 0.38203126192092896 0.32359379529953003 0.14831247925758362
0 0.18781250715255737 0.5888020992279053 0.11075000464916229 0.3658958077430725
0 0.3871406316757202 0.4715937376022339 0.03821873664855957 0.09227082133293152
0 0.6463046669960022 0.3760104179382324 0.02364063262939453 0.05043751001358032
0 0.5761640667915344 0.7294166684150696 0.11432814598083496 0.5411666631698608
0 0.3585546910762787 0.49386459589004517 0.06539064645767212 0.11943748593330383
0 0.08291406184434891 0.5835312604904175 0.09726561605930328 0.3709791898727417
0 0.5034609436988831 0.43293750286102295 0.03629687428474426 0.06708332896232605
0 0.6414452791213989 0.43790626525878906 0.04592186212539673 0.0808541476726532
0 0.5998125076293945 0.4334166646003723 0.04706251621246338 0.07958334684371948
0 0.7247968912124634 0.43533334136009216 0.0221250057220459 0.03929167985916138
0 0.7519453167915344 0.4716666638851166 0.04667186737060547 0.07150000333786011
0 0.44999998807907104 0.715624988079071 0.2562499940395355 0.5604166984558105
0 0.18281251192092896 0.3239583373069763 0.03437499701976776 0.07291668653488159
0 0.5406249761581421 0.4124999940395355 0.034375011920928955 0.06666666269302368
0 0.6875 0.4416666626930237 0.02499997615814209 0.07499998807907104
