1 0.659250020980835 0.6445518732070923 0.12443751096725464 0.11589622497558594
1 0.8269374966621399 0.6314976215362549 0.07381248474121094 0.0763443112373352
1 0.4998202919960022 0.6503419876098633 0.10148438811302185 0.12176883220672607
3 0.5621874928474426 0.5959080457687378 0.23199999332427979 0.135966956615448
3 0.7434999942779541 0.5739622712135315 0.09659373760223389 0.2286320924758911
3 0.12528905272483826 0.5814032554626465 0.12867186963558197 0.11205190420150757
8 0.35264843702316284 0.639363169670105 0.011765599250793457 0.06481128931045532
0 0.3068203032016754 0.6427948474884033 0.01832813024520874 0.07025939226150513
0 0.2782265543937683 0.6361085176467896 0.016796886920928955 0.06264156103134155
0 0.26228123903274536 0.6438207626342773 0.022562503814697266 0.07066035270690918
0 0.2243046909570694 0.6506367921829224 0.009046882390975952 0.06537735462188721
3 0.3514687418937683 0.6054127216339111 0.02443748712539673 0.09016507863998413
0 0.8828749656677246 0.6411792039871216 0.0170937180519104 0.07778304815292358
1 0.5852968692779541 0.6450235843658447 0.0364375114440918 0.06754720211029053
0 0.9340702891349792 0.6324646472930908 0.019546866416931152 0.0977594256401062
8 0.33515626192092896 0.6367924213409424 0.014062494039535522 0.06603771448135376
8 0.3687500059604645 0.6320754289627075 0.012499988079071045 0.07547169923782349
0 0.913281261920929 0.6320754289627075 0.01406252384185791 0.06603771448135376
0 0.9703124761581421 0.625 0.028124988079071045 0.10377359390258789
