0 0.15212500095367432 0.44801801443099976 0.023499995470046997 0.053423404693603516
0 0.07682031393051147 0.4677477478981018 0.019203126430511475 0.09518015384674072
0 0.1042499989271164 0.4646734297275543 0.026156246662139893 0.10655409097671509
1 0.5011484026908875 0.4860360622406006 0.10717186331748962 0.13036039471626282
1 0.6673905849456787 0.4862387180328369 0.11843746900558472 0.115765780210495
1 0.28434377908706665 0.44569820165634155 0.04009374976158142 0.03833332657814026
1 0.5994530916213989 0.4659572243690491 0.09034377336502075 0.11020269989967346
2 0.782421886920929 0.46114861965179443 0.1539062261581421 0.16779276728630066
1 0.3875781297683716 0.46119368076324463 0.043749988079071045 0.06193694472312927
1 0.34827345609664917 0.447004497051239 0.04414060711860657 0.059414416551589966
1 0.4370781183242798 0.474662184715271 0.049625009298324585 0.10022523999214172
4 0.38671875 0.587837815284729 0.2515624761581421 0.29729729890823364
