1 0.38999998569488525 0.6612499952316284 0.2449999749660492 0.17250001430511475
2 0.8050000071525574 0.6462500095367432 0.38499999046325684 0.32249999046325684
1 0.8987500071525574 0.8824999928474426 0.20249998569488525 0.23000001907348633
9 0.7100000381469727 0.5750000476837158 0.0350000262260437 0.04500001668930054
9 0.6800000071525574 0.5674999952316284 0.029999971389770508 0.034999966621398926
1 0.22749999165534973 0.5724999904632568 0.12999999523162842 0.07999998331069946
0 0.2212499976158142 0.5199999809265137 0.027500003576278687 0.025000035762786865
0 0.39125001430511475 0.5425000190734863 0.02250000834465027 0.06499999761581421
2 0.10125000029802322 0.5062500238418579 0.10750000178813934 0.03249996900558472
4 0.15125000476837158 0.5249999761581421 0.042500004172325134 0.025000035762786865
