0 0.06875000149011612 0.8312499523162842 0.13250000774860382 0.2724999785423279
0 0.0962500050663948 0.6712499856948853 0.10750000178813934 0.07749998569488525
0 0.14374999701976776 0.7274999618530273 0.0625 0.20999997854232788
0 0.1912499964237213 0.6775000095367432 0.10250000655651093 0.1899999976158142
1 0.9424999952316284 0.53125 0.039999961853027344 0.03250002861022949
0 0.6649999618530273 0.6112500429153442 0.050000011920928955 0.10750001668930054
0 0.5974999666213989 0.5987499952316284 0.030000030994415283 0.09749996662139893
0 0.5487499833106995 0.6225000023841858 0.03750002384185791 0.09500002861022949
0 0.5074999928474426 0.6324999928474426 0.05000004172325134 0.11500000953674316
0 0.4637500047683716 0.637499988079071 0.06749999523162842 0.125
0 0.38499999046325684 0.6637499928474426 0.04499998688697815 0.14750003814697266
0 0.3162499964237213 0.675000011920929 0.07249999046325684 0.15999996662139893
