2 0.5488854050636292 0.6424453258514404 0.10972917079925537 0.06673437356948853
0 0.2762812376022339 0.7043906450271606 0.5525624752044678 0.5912187099456787
0 0.7536458373069763 0.7248437404632568 0.0925832986831665 0.1692187786102295
0 0.6711041927337646 0.6862890720367432 0.03366667032241821 0.1257030963897705
0 0.9365208148956299 0.7485390901565552 0.1186249852180481 0.23289066553115845
0 0.6154687404632568 0.6991171836853027 0.08239585161209106 0.21123433113098145
0 0.5378124713897705 0.6767812371253967 0.05579167604446411 0.09831249713897705
0 0.500822901725769 0.6782422065734863 0.0717291533946991 0.1153905987739563
0 0.4464166760444641 0.6440156698226929 0.050833314657211304 0.09471875429153442
0 0.7932812571525574 0.7184922099113464 0.05689585208892822 0.15539062023162842
0 0.4649791717529297 0.6188671588897705 0.026583313941955566 0.033421874046325684
0 0.8476041555404663 0.7270547151565552 0.07895833253860474 0.17867189645767212
0 0.984375 0.7484375238418579 0.03125 0.24062496423721313
0 0.699999988079071 0.6968749761581421 0.05416667461395264 0.14375001192092896
0 0.7385416626930237 0.6382812261581421 0.03958332538604736 0.0390625
