4 0.2980703115463257 0.5090000033378601 0.1687656193971634 0.43468180298805237
0 0.3583984375 0.2412841022014618 0.15260934829711914 0.40134090185165405
0 0.25767186284065247 0.18968181312084198 0.11512498557567596 0.28922727704048157
0 0.8192343711853027 0.3558863699436188 0.2095312476158142 0.7117727398872375
0 0.6346718668937683 0.16415908932685852 0.08371877670288086 0.2096363753080368
0 0.5579609274864197 0.13639773428440094 0.08435940742492676 0.1890227347612381
0 0.7106719017028809 0.24270454049110413 0.09887498617172241 0.40450000762939453
2 0.0840156227350235 0.28324997425079346 0.168031245470047 0.5528181791305542
0 0.30595311522483826 0.10547727346420288 0.048406243324279785 0.12259089946746826
0 0.47319531440734863 0.12328408658504486 0.08964061737060547 0.19997727870941162
0 0.1898515522480011 0.26626136898994446 0.09148438274860382 0.4520227313041687
