0 0.08000000566244125 0.6162500381469727 0.11000000685453415 0.12250000238418579
0 0.16749998927116394 0.6012500524520874 0.040000006556510925 0.11250001192092896
0 0.6024999618530273 0.699999988079071 0.06999999284744263 0.2200000286102295
0 0.8575000166893005 0.793749988079071 0.11500000953674316 0.3374999761581421
0 0.78125 0.5562499761581421 0.03750002384185791 0.08750003576278687
8 0.2762500047683716 0.6587499976158142 0.0625 0.17250001430511475
0 0.6499999761581421 0.5662499666213989 0.04500001668930054 0.09250003099441528
0 0.5337499976158142 0.5974999666213989 0.03250002861022949 0.10499995946884155
0 0.4637500047683716 0.5799999833106995 0.027500003576278687 0.10500001907348633
0 0.5687500238418579 0.5774999856948853 0.037499964237213135 0.08499997854232788
8 0.32999998331069946 0.6137499809265137 0.04999998211860657 0.13749998807907104
8 0.3837500214576721 0.5800000429153442 0.027500003576278687 0.0899999737739563
8 0.36124998331069946 0.5887500047683716 0.032499998807907104 0.09749996662139893
0 0.8474999666213989 0.5600000023841858 0.04000002145767212 0.07500004768371582
0 0.42624998092651367 0.5349999666213989 0.01750001311302185 0.050000011920928955
0 0.44624999165534973 0.5299999713897705 0.012499988079071045 0.04500001668930054
0 0.23375000059604645 0.5537499785423279 0.027500003576278687 0.0625
0 0.21000000834465027 0.543749988079071 0.024999991059303284 0.047500014305114746
1 0.7400000095367432 0.5175000429153442 0.06499999761581421 0.030000030994415283
2 0.856249988079071 0.5049999952316284 0.06749999523162842 0.02499997615814209
2 0.9437500238418579 0.518750011920929 0.07249999046325684 0.03250002861022949
1 0.8137500286102295 0.5249999761581421 0.05749994516372681 0.025000035762786865
1 0.8925000429153442 0.518750011920929 0.04000002145767212 0.027500033378601074
