5 0.5071250200271606 0.7225794792175293 0.10993748903274536 0.24085575342178345
0 0.6796875 0.5406601428985596 0.06875002384185791 0.303814172744751
0 0.7723358869552612 0.4711002707481384 0.07326561212539673 0.15535452961921692
0 0.9557499885559082 0.5865036845207214 0.07134377956390381 0.31354525685310364
0 0.07217187434434891 0.7487408518791199 0.07753124833106995 0.39704155921936035
0 0.06394530832767487 0.6041320562362671 0.05414062365889549 0.22850853204727173
0 0.02670312486588955 0.6175428032875061 0.051625002175569534 0.24853301048278809
0 0.9081640839576721 0.4552689492702484 0.07117187976837158 0.167408287525177
0 0.12411718815565109 0.6322126984596252 0.045109376311302185 0.15454769134521484
1 0.8299530744552612 0.7662347555160522 0.3386250138282776 0.4675305485725403
