5 0.5123984217643738 0.5215808153152466 0.07942184805870056 0.32451990246772766
0 0.3699452877044678 0.4484543204307556 0.02632811665534973 0.08473065495491028
5 0.2364218831062317 0.5304449796676636 0.3709062337875366 0.5456674098968506
5 0.7682031393051147 0.5187353491783142 0.4426562786102295 0.7142857313156128
5 0.38807812333106995 0.5148477554321289 0.06465625762939453 0.1037939190864563
5 0.4617343544960022 0.5578688383102417 0.02937498688697815 0.06145197153091431
5 0.36152344942092896 0.5238056182861328 0.038171857595443726 0.07262298464775085
5 0.45821094512939453 0.5353864431381226 0.043109387159347534 0.09587818384170532
5 0.402593731880188 0.5301053524017334 0.022187501192092896 0.06283372640609741
5 0.47437500953674316 0.5450702905654907 0.019125014543533325 0.08704918622970581
5 0.41591405868530273 0.5348243713378906 0.030671894550323486 0.07067912817001343
5 0.4453437328338623 0.5262060761451721 0.04462501406669617 0.09999999403953552
0 0.2874531149864197 0.4506323039531708 0.017906248569488525 0.04402810335159302
0 0.31938281655311584 0.4372950792312622 0.009796857833862305 0.019227147102355957
1 0.07355468720197678 0.4657142758369446 0.017578125 0.02313816547393799
1 0.10682812333106995 0.46646368503570557 0.02043750137090683 0.01929745078086853
0 0.40251561999320984 0.4392974376678467 0.016843736171722412 0.040562063455581665
2 0.09218750149011612 0.45550352334976196 0.01874999701976776 0.03512880206108093
1 0.3531250059604645 0.4789227247238159 0.09687501192092896 0.12880563735961914
5 0.6078125238418579 0.5538641810417175 0.12812501192092896 0.1522248089313507
5 0.5953124761581421 0.5608899593353271 0.11875003576278687 0.13817328214645386
