1 0.6825000047683716 0.6092000007629395 0.20364248752593994 0.1464400291442871
1 0.3311198949813843 0.5927799940109253 0.10509046912193298 0.08632004261016846
1 0.9711651802062988 0.6442700028419495 0.05766969919204712 0.16369998455047607
7 0.27064478397369385 0.6345000267028809 0.19174209237098694 0.3230000138282776
0 0.974513590335846 0.585669994354248 0.011923074722290039 0.019860029220581055
4 0.5192307829856873 0.6389999985694885 0.21493211388587952 0.28199997544288635
0 0.05203619971871376 0.5740000009536743 0.08144796639680862 0.14800000190734863
0 0.26696833968162537 0.5889999866485596 0.06787331402301788 0.26600000262260437
0 0.41063350439071655 0.621999979019165 0.09276017546653748 0.23600000143051147
4 0.8438913822174072 0.640999972820282 0.20361989736557007 0.28599998354911804
1 0.9389140605926514 0.6050000190734863 0.05882352590560913 0.054000020027160645
