10 0.9724843502044678 0.5658437013626099 0.05503123998641968 0.0638541579246521
1 0.9604296684265137 0.5250000357627869 0.07914060354232788 0.0520416796207428
0 0.45103907585144043 0.8813229203224182 0.13332810997962952 0.23618745803833008
0 0.31321877241134644 0.659291684627533 0.03196874260902405 0.08962500095367432
0 0.6756640672683716 0.609125018119812 0.03567183017730713 0.14016669988632202
0 0.7927656173706055 0.7941562533378601 0.03228127956390381 0.2034374475479126
0 0.11354687809944153 0.8025521039962769 0.06040624529123306 0.19072920083999634
0 0.04999999701976776 0.5864583253860474 0.02812499925494194 0.09375
0 0.06953124701976776 0.578125 0.02031249925494194 0.06041669845581055
0 0.05781250074505806 0.6468750238418579 0.03437500447034836 0.10208332538604736
0 0.08749999850988388 0.6781250238418579 0.04999999701976776 0.11458331346511841
6 0.07578124850988388 0.7041666507720947 0.0234375 0.05833333730697632
9 0.01796874962747097 0.7000000476837158 0.03593749925494194 0.11250001192092896
0 0.10390625149011612 0.6000000238418579 0.0234375 0.09166663885116577
0 0.13046875596046448 0.5739583373069763 0.02968750149011612 0.04791665077209473
0 0.12890625 0.6385416984558105 0.029687494039535522 0.11875003576278687
6 0.10000000149011612 0.9083333015441895 0.06562499701976776 0.10416668653488159
6 0.16874998807907104 0.8614583015441895 0.05937500298023224 0.16874998807907104
0 0.2515625059604645 0.6635416746139526 0.02812500298023224 0.11874997615814209
0 0.24531249701976776 0.7197916507720947 0.018749982118606567 0.04791665077209473
9 0.24843750894069672 0.6989583373069763 0.025000005960464478 0.05624997615814209
0 0.2890625 0.6333333253860474 0.03125 0.08333337306976318
0 0.3382812738418579 0.6510416269302368 0.03281250596046448 0.12291663885116577
0 0.5406249761581421 0.9093749523162842 0.09999999403953552 0.1770833134651184
0 0.6734374761581421 0.9270833730697632 0.09062498807907104 0.13749998807907104
0 0.44453126192092896 0.7947916984558105 0.0390625 0.12708336114883423
0 0.48828125 0.7729166746139526 0.0703125 0.10000002384185791
0 0.672656238079071 0.7041666507720947 0.02968752384185791 0.07916665077209473
0 0.6585937738418579 0.71875 0.017187535762786865 0.07500004768371582
0 0.6351562738418579 0.8666666746139526 0.045312464237213135 0.15833330154418945
6 0.797656238079071 0.9729166626930237 0.02968752384185791 0.04583334922790527
0 0.8265625238418579 0.9135416746139526 0.0625 0.16458332538604736
6 0.8359375 0.8374999761581421 0.03750002384185791 0.09166663885116577
0 0.9140625 0.9125000238418579 0.04999995231628418 0.1708332896232605
0 0.8062499761581421 0.7479166984558105 0.037499964237213135 0.1708332896232605
0 0.93359375 0.7885416746139526 0.04843747615814209 0.15208333730697632
10 0.854687511920929 0.543749988079071 0.1468750238418579 0.05416667461395264
0 0.02109375037252903 0.5885416865348816 0.03593749925494194 0.07708334922790527
