1 0.6418281197547913 0.45384374260902405 0.09618747234344482 0.0795624852180481
1 0.7589453458786011 0.4468541741371155 0.10454684495925903 0.0742083191871643
1 0.8235077857971191 0.4361770749092102 0.06135934591293335 0.06214582920074463
1 0.5303828120231628 0.4310624897480011 0.02220308780670166 0.027875006198883057
1 0.5970859527587891 0.4349583387374878 0.03745311498641968 0.03566667437553406
1 0.5640703439712524 0.430020809173584 0.02567189931869507 0.026625007390975952
1 0.5441093444824219 0.42760416865348816 0.02028125524520874 0.023541688919067383
1 0.5113437175750732 0.43531250953674316 0.027281224727630615 0.03329166769981384
1 0.4869609475135803 0.43967708945274353 0.03479686379432678 0.04085415601730347
4 0.4515625238418579 0.48125001788139343 0.04062500596046448 0.11250001192092896
4 0.38671875 0.4375 0.010937511920928955 0.04583334922790527
