0 0.054999999701976776 0.8137500286102295 0.10500000417232513 0.3425000309944153
0 0.08874999731779099 0.7362500429153442 0.04749999940395355 0.1274999976158142
0 0.2224999964237213 0.7400000095367432 0.14499998092651367 0.25
0 0.26375001668930054 0.637499988079071 0.06750001013278961 0.11500000953674316
0 0.14499999582767487 0.5912500023841858 0.030000001192092896 0.06749999523162842
0 0.1837500035762787 0.6312500238418579 0.05750000476837158 0.0975000262260437
0 0.49125000834465027 0.8162500262260437 0.11750000715255737 0.3174999952316284
0 0.6187499761581421 0.6825000047683716 0.09250003099441528 0.20500004291534424
0 0.29874998331069946 0.5987499952316284 0.03749999403953552 0.07749998569488525
1 0.32375001907348633 0.5512499809265137 0.08250001072883606 0.052500009536743164
0 0.42374998331069946 0.5525000095367432 0.027500003576278687 0.06000000238418579
0 0.5287500023841858 0.5637500286102295 0.04250001907348633 0.07250005006790161
0 0.6037499904632568 0.5712500214576721 0.047500014305114746 0.07749998569488525
1 0.26999998092651367 0.5412499904632568 0.034999996423721313 0.03750002384185791
0 0.6549999713897705 0.5625 0.0350000262260437 0.09000003337860107
0 0.7437499761581421 0.5537499785423279 0.03249996900558472 0.06749999523162842
0 0.7912499904632568 0.5537499785423279 0.022500038146972656 0.06749999523162842
0 0.8650000095367432 0.5525000095367432 0.029999971389770508 0.06999999284744263
0 0.9300000071525574 0.5425000190734863 0.034999966621398926 0.050000011920928955
1 0.9275000095367432 0.6675000190734863 0.13999998569488525 0.19499999284744263
