0 0.04374999925494194 0.7250000238418579 0.08749999850988388 0.24500000476837158
4 0.11875000596046448 0.6262500286102295 0.07249999791383743 0.08750003576278687
1 0.7087500095367432 0.7100000381469727 0.2174999713897705 0.22999995946884155
5 0.3050000071525574 0.5787500143051147 0.06000000238418579 0.052500009536743164
1 0.3700000047683716 0.565000057220459 0.11500000953674316 0.06499999761581421
1 0.4625000059604645 0.5412499904632568 0.07999998331069946 0.04250001907348633
1 0.5062500238418579 0.5337499976158142 0.0274999737739563 0.03250002861022949
1 0.5462499856948853 0.5412499904632568 0.0625 0.04250001907348633
1 0.581250011920929 0.5212500095367432 0.04250001907348633 0.027500033378601074
1 0.6549999713897705 0.5162500143051147 0.025000035762786865 0.02249997854232788
