5 0.14749999344348907 0.8587499856948853 0.28999999165534973 0.2825000286102295
5 0.36000001430511475 0.824999988079071 0.1599999964237213 0.3450000286102295
0 0.36000001430511475 0.6349999904632568 0.07500001788139343 0.07999998331069946
5 0.48374998569488525 0.7074999809265137 0.13750001788139343 0.16500002145767212
5 0.9474999904632568 0.737500011920929 0.10000002384185791 0.25999999046325684
0 0.9262499809265137 0.5887500047683716 0.047500014305114746 0.09249997138977051
0 0.9750000238418579 0.5862500071525574 0.04500001668930054 0.07249999046325684
0 0.6587499976158142 0.6887500286102295 0.07249999046325684 0.1925000548362732
0 0.6974999904632568 0.643750011920929 0.06000000238418579 0.17750000953674316
0 0.6525000333786011 0.5499999523162842 0.020000040531158447 0.050000011920928955
1 0.7137500047683716 0.5700000524520874 0.07749998569488525 0.07499998807907104
