0 0.04749999940395355 0.627500057220459 0.07500000298023224 0.1850000023841858
0 0.3100000023841858 0.7387499809265137 0.10000002384185791 0.26749998331069946
0 0.45499998331069946 0.6725000143051147 0.07500001788139343 0.20999997854232788
1 0.6637499928474426 0.5587499737739563 0.07749998569488525 0.06749999523162842
0 0.8887500166893005 0.574999988079071 0.052500009536743164 0.10000002384185791
0 0.6987500190734863 0.5237500071525574 0.07749998569488525 0.08750000596046448
4 0.9524999856948853 0.5699999928474426 0.09500002861022949 0.08000004291534424
2 0.8462499976158142 0.518750011920929 0.09749996662139893 0.04250001907348633
0 0.48250001668930054 0.5600000023841858 0.030000001192092896 0.09000003337860107
0 0.5112500190734863 0.5737500190734863 0.0274999737739563 0.08249998092651367
0 0.543749988079071 0.5587500333786011 0.027500033378601074 0.08250004053115845
