0 0.17624999582767487 0.6762499809265137 0.06749999523162842 0.17250001430511475
0 0.11624999344348907 0.59375 0.0924999937415123 0.09749996662139893
0 0.23374998569488525 0.6699999570846558 0.05749998986721039 0.15500003099441528
0 0.4975000023841858 0.59375 0.03999999165534973 0.09249997138977051
1 0.5974999666213989 0.6587499976158142 0.23499998450279236 0.19249999523162842
1 0.9275000095367432 0.6812499761581421 0.13999998569488525 0.20250004529953003
1 0.7950000166893005 0.5187499523162842 0.019999980926513672 0.017499983310699463
9 0.3974999785423279 0.5662500262260437 0.030000001192092896 0.0625
2 0.06875000149011612 0.5737500190734863 0.11249999701976776 0.07749998569488525
3 0.14875000715255737 0.5137500166893005 0.06750000268220901 0.04250001907348633
