3 0.0625 0.5174999833106995 0.06999999284744263 0.07000002264976501
1 0.15000000596046448 0.5649999976158142 0.08499999344348907 0.04999995231628418
1 0.20500001311302185 0.5850000381469727 0.1300000101327896 0.07499998807907104
0 0.8949999809265137 0.7999999523162842 0.12000000476837158 0.3100000023841858
0 0.7012499570846558 0.7024999856948853 0.11250001192092896 0.20999997854232788
0 0.5962499976158142 0.625 0.07749998569488525 0.13499999046325684
0 0.8387500047683716 0.6625000238418579 0.0625 0.14500004053115845
0 0.9025000333786011 0.6200000047683716 0.050000011920928955 0.08000004291534424
0 0.9774999618530273 0.6487499475479126 0.04500001668930054 0.13249999284744263
0 0.8774999976158142 0.581250011920929 0.029999971389770508 0.07249999046325684
0 0.9424999952316284 0.5774999856948853 0.029999971389770508 0.06999999284744263
0 0.9662500023841858 0.6200000047683716 0.04250001907348633 0.11500000953674316
8 0.731249988079071 0.5987499952316284 0.03250002861022949 0.08749997615814209
8 0.6337499618530273 0.5837500095367432 0.02249997854232788 0.08249998092651367
8 0.6537500023841858 0.5900000333786011 0.022500038146972656 0.06999999284744263
0 0.3774999976158142 0.6175000071525574 0.06000000238418579 0.11000001430511475
0 0.42250001430511475 0.65625 0.04499998688697815 0.1575000286102295
0 0.4612500071525574 0.6424999833106995 0.027500003576278687 0.11000001430511475
0 0.5012500286102295 0.6137499809265137 0.03249996900558472 0.11750000715255737
0 0.5325000286102295 0.6024999618530273 0.025000035762786865 0.08499997854232788
0 0.35500001907348633 0.5600000023841858 0.015000015497207642 0.0549999475479126
0 0.2837499976158142 0.5762500166893005 0.032499998807907104 0.08249998092651367
0 0.3137499988079071 0.5687500238418579 0.0274999737739563 0.06749999523162842
8 0.4449999928474426 0.5487500429153442 0.014999985694885254 0.03249996900558472
8 0.4637500047683716 0.5449999570846558 0.012499988079071045 0.030000030994415283
8 0.48250001668930054 0.5525000095367432 0.02000001072883606 0.039999961853027344
