0 0.8013594150543213 0.16173774003982544 0.05003124475479126 0.15200427174568176
0 0.7393984794616699 0.1722174882888794 0.04964059591293335 0.21270787715911865
0 0.6562265157699585 0.07933901995420456 0.025890648365020752 0.04865671694278717
0 0.4982031285762787 0.16849680244922638 0.049156248569488525 0.24019190669059753
0 0.6449687480926514 0.1466204673051834 0.036093711853027344 0.16100212931632996
0 0.8114922046661377 0.10947760939598083 0.04389065504074097 0.08381664007902145
0 0.8311171531677246 0.12110874056816101 0.04692190885543823 0.16081023216247559
6 0.9563281536102295 0.28738805651664734 0.05268746614456177 0.18893390893936157
0 0.8956171870231628 0.26253730058670044 0.05339062213897705 0.2028144896030426
2 0.15398438274860382 0.32235607504844666 0.3045312464237213 0.4376332461833954
0 0.8571406006813049 0.21578890085220337 0.040593743324279785 0.16466949880123138
4 0.2828125059604645 0.5501066446304321 0.3499999940395355 0.695095956325531
4 0.68359375 0.442430704832077 0.1796875 0.4541577696800232
4 0.8335937261581421 0.4840085506439209 0.23281246423721313 0.5671641826629639
0 0.2562499940395355 0.09701492637395859 0.037500008940696716 0.06609807908535004
0 0.2945312261581421 0.13859274983406067 0.029687494039535522 0.12793177366256714
0 0.33203125 0.1652452051639557 0.051562488079071045 0.18550105392932892
