0 0.9375 0.8125 0.125 0.2999999523162842
0 0.20500001311302185 0.8025000095367432 0.13500000536441803 0.2549999952316284
0 0.3474999964237213 0.8025000095367432 0.125 0.28999996185302734
0 0.25874999165534973 0.7000000476837158 0.062499985098838806 0.16500002145767212
0 0.29874998331069946 0.6712499856948853 0.052499979734420776 0.14249998331069946
2 0.36500000953674316 0.5912500023841858 0.2199999988079071 0.1625000238418579
0 0.4412500262260437 0.6012499928474426 0.03749999403953552 0.08249998092651367
0 0.46875 0.6012499928474426 0.0274999737739563 0.07749998569488525
0 0.5024999976158142 0.6162500381469727 0.034999966621398926 0.10750001668930054
0 0.53125 0.6775000095367432 0.05750000476837158 0.19999998807907104
0 0.23499999940395355 0.5625 0.025000005960464478 0.0549999475479126
0 0.2887499928474426 0.5475000143051147 0.01750001311302185 0.0350000262260437
