2 0.6955156326293945 0.727468729019165 0.18546879291534424 0.10756248235702515
0 0.9480000138282776 0.8492916822433472 0.08965623378753662 0.29495835304260254
0 0.8267421722412109 0.7411875128746033 0.03520309925079346 0.1000833511352539
3 0.2043749988079071 0.7411875128746033 0.08609375357627869 0.08187496662139893
3 0.2213437557220459 0.6966249942779541 0.06481249630451202 0.03279167413711548
1 0.2799921929836273 0.7157396078109741 0.11320312321186066 0.060812532901763916
1 0.4277890622615814 0.7248437404632568 0.11864060163497925 0.05522918701171875
10 0.07612500339746475 0.6640312671661377 0.0988750010728836 0.06614583730697632
1 0.35389062762260437 0.7186042070388794 0.0625 0.04762500524520874
1 0.08471093326807022 0.7181458473205566 0.08673436939716339 0.044291675090789795
1 0.030476562678813934 0.7232083082199097 0.05714062601327896 0.07441669702529907
0 0.9789062738418579 0.7374999523162842 0.0234375 0.11250001192092896
