1 0.5378705859184265 0.38203907012939453 0.13376471400260925 0.07032811641693115
4 0.8468823432922363 0.43355467915534973 0.08101177215576172 0.08951562643051147
0 0.7752823829650879 0.3902031183242798 0.08463531732559204 0.07896876335144043
10 0.13414117693901062 0.3684765696525574 0.1646588146686554 0.14167186617851257
0 0.7234705686569214 0.38618749380111694 0.04039996862411499 0.05968749523162842
0 0.8291293978691101 0.376578152179718 0.06842350959777832 0.05506250262260437
1 0.27592942118644714 0.38936716318130493 0.07590587437152863 0.06820312142372131
1 0.6528117656707764 0.34669530391693115 0.08082354068756104 0.031390637159347534
5 0.3750823438167572 0.35546875 0.10315293073654175 0.050562500953674316
1 0.3312470614910126 0.39896875619888306 0.046494126319885254 0.06706249713897705
0 0.9372117519378662 0.3899609446525574 0.10087060928344727 0.1359531283378601
4 0.10941176116466522 0.4078124761581421 0.05882352590560913 0.09999999403953552
4 0.038823530077934265 0.39765626192092896 0.025882352143526077 0.08281251788139343
10 0.015294117853045464 0.37578123807907104 0.030588235706090927 0.18281248211860657
0 0.3799999952316284 0.5625 0.2611764669418335 0.38750001788139343
4 0.23529411852359772 0.4085937440395355 0.0658823549747467 0.09843748807907104
4 0.25647059082984924 0.3812499940395355 0.03294117748737335 0.034375011920928955
10 0.4694117605686188 0.33906251192092896 0.1764705777168274 0.08124998211860657
4 0.6635293960571289 0.48046875 0.3811764419078827 0.25468751788139343
