0 0.1875 0.7799999713897705 0.13499999046325684 0.3199999928474426
0 0.3662499785423279 0.6812499761581421 0.07750001549720764 0.17249995470046997
0 0.41624999046325684 0.7425000071525574 0.10249999165534973 0.23500001430511475
0 0.5287500023841858 0.6762499809265137 0.06749999523162842 0.17750000953674316
0 0.5587500333786011 0.5499999523162842 0.02249997854232788 0.04000002145767212
0 0.5812499523162842 0.5649999976158142 0.02249997854232788 0.0549999475479126
0 0.6399999856948853 0.65625 0.06000000238418579 0.16750001907348633
9 0.8187500238418579 0.7274999618530273 0.0975000262260437 0.1600000262260437
9 0.8812500238418579 0.6875 0.07249999046325684 0.08500003814697266
9 0.9375 0.6987500190734863 0.06500005722045898 0.09250003099441528
9 0.7537499666213989 0.6187499761581421 0.04749995470046997 0.04749995470046997
0 0.6812499761581421 0.6187499761581421 0.037499964237213135 0.1274999976158142
10 0.1587499976158142 0.5037500262260437 0.17250001430511475 0.07250002026557922
1 0.3050000071525574 0.5299999713897705 0.0949999988079071 0.0350000262260437
0 0.42000001668930054 0.5425000190734863 0.02000001072883606 0.050000011920928955
