3 0.13197655975818634 0.7129062414169312 0.07967188209295273 0.08997917175292969
0 0.3488749861717224 0.9166771173477173 0.07753124833106995 0.15831249952316284
0 0.9670703411102295 0.8064479231834412 0.037328124046325684 0.06335413455963135
0 0.7327343821525574 0.8310624957084656 0.03865623474121094 0.10712504386901855
0 0.7844687700271606 0.792270839214325 0.036687493324279785 0.10229170322418213
0 0.5040703415870667 0.9107604026794434 0.04995313286781311 0.1665208339691162
0 0.6525000333786011 0.8499270677566528 0.031062543392181396 0.12510418891906738
0 0.5041718482971191 0.7817187309265137 0.026374995708465576 0.0820624828338623
8 0.34590625762939453 0.7919687628746033 0.023656249046325684 0.09218752384185791
1 0.10236718505620956 0.8327083587646484 0.09507812559604645 0.08799999952316284
1 0.2838827967643738 0.8004791736602783 0.08195313811302185 0.09620833396911621
1 0.7953125238418579 0.9117708206176758 0.40937501192092896 0.16812503337860107
1 0.03717968612909317 0.7134687900543213 0.033890627324581146 0.04364579916000366
8 0.4104374945163727 0.7872187495231628 0.01628124713897705 0.07535421848297119
1 0.182679682970047 0.8101562261581421 0.0734843760728836 0.06960415840148926
1 0.0777890682220459 0.7072187662124634 0.02942187339067459 0.03656250238418579
1 0.23356249928474426 0.782322883605957 0.046656250953674316 0.05656248331069946
1 0.038374997675418854 0.7626667022705078 0.039124999195337296 0.05962496995925903
2 0.2057500034570694 0.7484791278839111 0.06221875548362732 0.0496249794960022
8 0.39382028579711914 0.8023333549499512 0.019046872854232788 0.08929163217544556
1 0.16160155832767487 0.9635937213897705 0.29445311427116394 0.07281249761581421
0 0.93359375 0.8062499761581421 0.04843747615814209 0.0458332896232605
0 0.610156238079071 0.8302083015441895 0.02968752384185791 0.05208331346511841
0 0.47343748807907104 0.7802083492279053 0.021874994039535522 0.07708334922790527
