0 0.5899999737739563 0.7362499833106995 0.125 0.29250001907348633
0 0.3987500071525574 0.6637499928474426 0.05750000476837158 0.1625000238418579
0 0.7962499856948853 0.8337500095367432 0.14749997854232788 0.32749998569488525
0 0.9424999952316284 0.7024999856948853 0.11000001430511475 0.20999997854232788
0 0.2775000035762787 0.6112500429153442 0.05500000715255737 0.1274999976158142
0 0.3112500011920929 0.6024999618530273 0.03750002384185791 0.10499995946884155
0 0.3712500035762787 0.6075000166893005 0.05750000476837158 0.12000000476837158
0 0.42250001430511475 0.6000000238418579 0.030000001192092896 0.10999995470046997
0 0.5049999952316284 0.6387499570846558 0.07000002264976501 0.1524999737739563
0 0.16999998688697815 0.5812499523162842 0.04500000178813934 0.10750001668930054
0 0.20499999821186066 0.5649999976158142 0.034999996423721313 0.09500002861022949
9 0.6612499952316284 0.6137499809265137 0.04250001907348633 0.0625
9 0.7300000190734863 0.625 0.050000011920928955 0.08000004291534424
0 0.7712500095367432 0.6150000095367432 0.052500009536743164 0.13999998569488525
9 0.8287500143051147 0.625 0.047500014305114746 0.0549999475479126
0 0.14249999821186066 0.5387499928474426 0.030000001192092896 0.07249999046325684
0 0.04625000059604645 0.5175000429153442 0.02250000089406967 0.04500001668930054
0 0.021250000223517418 0.5162500143051147 0.017499998211860657 0.03750002384185791
