1 0.04296875 0.4339227080345154 0.021125003695487976 0.03562059998512268
1 0.17430469393730164 0.42598360776901245 0.026515617966651917 0.02901637554168701
1 0.01360937487334013 0.42087823152542114 0.024687500670552254 0.03295081853866577
3 0.0794999971985817 0.406112402677536 0.06287500262260437 0.04997658729553223
0 0.20031249523162842 0.5295550227165222 0.05656249821186066 0.23929738998413086
2 0.08015625178813934 0.48360657691955566 0.07718749344348907 0.1053864061832428
0 0.3687499761581421 0.4941452145576477 0.11562499403953552 0.24355974793434143
0 0.5289062261581421 0.591334879398346 0.41093748807907104 0.8079625368118286
0 0.2835937440395355 0.4625292718410492 0.026562511920928955 0.0960187315940857
0 0.23124998807907104 0.4625292718410492 0.046874985098838806 0.10070258378982544
0 0.26093751192092896 0.567915678024292 0.06562498211860657 0.27400466799736023
4 0.13593751192092896 0.4496487081050873 0.012500002980232239 0.04683840274810791
1 0.13515624403953552 0.4250585436820984 0.04218749701976776 0.03512880206108093
