1 0.8417109251022339 0.1444893181324005 0.06273436546325684 0.11990498006343842
1 0.8521249890327454 0.403194785118103 0.041499972343444824 0.14610451459884644
4 0.8445546627044678 0.314453661441803 0.054953157901763916 0.11935868859291077
0 0.3380468785762787 0.8609026074409485 0.04890626668930054 0.20636582374572754
0 0.7679452896118164 0.3989311158657074 0.034890592098236084 0.12741094827651978
0 0.7982187271118164 0.38939428329467773 0.027031242847442627 0.1330403983592987
1 0.46974998712539673 0.18605700135231018 0.04456248879432678 0.11539192497730255
5 0.621874988079071 0.05225653201341629 0.03125 0.10451306402683258
4 0.6421874761581421 0.40855106711387634 0.053124964237213135 0.15676957368850708
5 0.4507812559604645 0.4845605492591858 0.042187511920928955 0.15201899409294128
