1 0.6230312585830688 0.4753125011920929 0.12418746948242188 0.07820314168930054
1 0.6715468764305115 0.4793750047683716 0.05996870994567871 0.07839846611022949
1 0.3465312421321869 0.4281836152076721 0.053812503814697266 0.042148441076278687
1 0.21727344393730164 0.42412108182907104 0.04704688489437103 0.036445289850234985
1 0.02826562523841858 0.41971680521965027 0.039125002920627594 0.03814452886581421
1 0.1650703251361847 0.4212402403354645 0.05379687249660492 0.042675793170928955
1 0.2804921865463257 0.4205957055091858 0.05164062976837158 0.04841798543930054
1 0.3193906247615814 0.4168652296066284 0.0350000262260437 0.033535152673721313
7 0.08249999582767487 0.3938574194908142 0.06203124672174454 0.11685547232627869
1 0.11057811975479126 0.4195214807987213 0.04659374803304672 0.03861325979232788
1 0.4515624940395355 0.40625 0.10624998807907104 0.046875
1 0.4085937440395355 0.427734375 0.1015625 0.0390625
7 0.754687488079071 0.375 0.1468750238418579 0.46875
