1 0.2769218683242798 0.7010772824287415 0.27259373664855957 0.25377047061920166
1 0.4662421941757202 0.6185011863708496 0.049046874046325684 0.17058545351028442
2 0.36057811975479126 0.6243442296981812 0.18140625953674316 0.23819667100906372
3 0.7286640405654907 0.4701990783214569 0.2338905930519104 0.4460187554359436
4 0.5139062404632568 0.689437985420227 0.09787499904632568 0.2932552695274353
0 0.8345156311988831 0.6230913400650024 0.04193747043609619 0.20360660552978516
0 0.965624988079071 0.6944965124130249 0.06875002384185791 0.3698360323905945
2 0.531374990940094 0.5770257711410522 0.14268752932548523 0.23250582814216614
2 0.15592187643051147 0.5943794250488281 0.206906259059906 0.18651050329208374
2 0.6110234260559082 0.5622013807296753 0.03357815742492676 0.19550353288650513
0 0.9100546836853027 0.7751756906509399 0.11698436737060547 0.4168618321418762
