1 0.1817265748977661 0.412868857383728 0.03220312297344208 0.0420374870300293
5 0.3392343819141388 0.40978920459747314 0.02118748426437378 0.05189695954322815
0 0.5477656126022339 0.38072600960731506 0.04621875286102295 0.21189695596694946
0 0.6479765176773071 0.3984777331352234 0.048046886920928955 0.1953161656856537
0 0.573046863079071 0.38658079504966736 0.02818751335144043 0.17227166891098022
0 0.4361562728881836 0.4008313715457916 0.026093751192092896 0.12227165699005127
1 0.20847657322883606 0.4152458906173706 0.021015629172325134 0.029367685317993164
1 0.4086640477180481 0.41881734132766724 0.04885938763618469 0.031077295541763306
0 0.11710156500339508 0.4065924882888794 0.011546872556209564 0.053512901067733765
0 0.13325780630111694 0.4101405143737793 0.009015634655952454 0.043372392654418945
0 0.23609375953674316 0.4098360538482666 0.01568751037120819 0.049367696046829224
0 0.10882812738418579 0.40955501794815063 0.010718747973442078 0.04880562424659729
0 0.06759375333786011 0.40816158056259155 0.014625001698732376 0.03651055693626404
5 0.0651250034570694 0.42919203639030457 0.041343752294778824 0.09093677997589111
3 0.774289071559906 0.26439109444618225 0.451421856880188 0.5203980803489685
0 0.5150625109672546 0.40135830640792847 0.01628124713897705 0.10646370053291321
5 0.25078123807907104 0.4063231945037842 0.020312517881393433 0.07259953022003174
5 0.15078124403953552 0.40749412775039673 0.0234375 0.0655737817287445
