0 0.20000000298023224 0.6212500333786011 0.06499999761581421 0.1274999976158142
8 0.12250000238418579 0.5974999666213989 0.03500000387430191 0.08499997854232788
0 0.3174999952316284 0.5850000381469727 0.03999999165534973 0.06499999761581421
0 0.48750001192092896 0.5762500166893005 0.025000005960464478 0.07249999046325684
0 0.5199999809265137 0.5912500023841858 0.025000035762786865 0.07749998569488525
0 0.5450000166893005 0.5987499952316284 0.02499997615814209 0.0625
0 0.5974999666213989 0.5449999570846558 0.0350000262260437 0.04000002145767212
5 0.7562500238418579 0.6187499761581421 0.05750000476837158 0.07750004529953003
5 0.8300000429153442 0.6200000047683716 0.050000011920928955 0.06499999761581421
0 0.8837499618530273 0.5950000286102295 0.04249995946884155 0.10999995470046997
0 0.8262500166893005 0.5649999976158142 0.0625 0.0700000524520874
