1 0.1940000057220459 0.7584080696105957 0.06449998915195465 0.09887892007827759
1 0.3295546770095825 0.648531436920166 0.059296876192092896 0.09096413850784302
0 0.3792656362056732 0.6973878741264343 0.044593751430511475 0.21818387508392334
0 0.29008594155311584 0.6728923916816711 0.040796875953674316 0.15412557125091553
0 0.1889062523841858 0.638587474822998 0.04215624928474426 0.08439463376998901
0 0.4899218678474426 0.6553475260734558 0.02903124690055847 0.11625564098358154
0 0.132687509059906 0.8177130222320557 0.08546875417232513 0.3539462089538574
0 0.580804705619812 0.7281614542007446 0.04929685592651367 0.26112109422683716
0 0.06796874850988388 0.7948430776596069 0.0859375 0.39237672090530396
0 0.80078125 0.7488789558410645 0.1546875238418579 0.3139013648033142
0 0.65625 0.7881165742874146 0.15625 0.4237667918205261
0 0.2421875 0.6737667918205261 0.043749988079071045 0.14573991298675537
