7 0.3884921967983246 0.43577083945274353 0.10114061832427979 0.32845836877822876
0 0.9171328544616699 0.6618020534515381 0.16573435068130493 0.5191041827201843
0 0.7220547199249268 0.32761460542678833 0.023765623569488525 0.02652081847190857
0 0.7447578310966492 0.3293229043483734 0.013484358787536621 0.030020833015441895
0 0.6582422256469727 0.3283541798591614 0.014390647411346436 0.02270832657814026
1 0.7178984880447388 0.41184374690055847 0.15785938501358032 0.14243751764297485
0 0.7776562571525574 0.32997918128967285 0.014156222343444824 0.03233334422111511
1 0.5731953382492065 0.3595520853996277 0.02535933256149292 0.054229170083999634
1 0.10103905946016312 0.5411875247955322 0.20207811892032623 0.4034999907016754
1 0.24348437786102295 0.4117812514305115 0.1808750033378601 0.1472291648387909
1 0.3240000009536743 0.37681251764297485 0.08315622806549072 0.10733333230018616
1 0.45003125071525574 0.35490626096725464 0.05106252431869507 0.054187506437301636
1 0.4887734353542328 0.34156250953674316 0.024015605449676514 0.028250008821487427
1 0.8631718754768372 0.49393749237060547 0.24784374237060547 0.3010833263397217
1 0.639468789100647 0.3852396011352539 0.08259373903274536 0.09722915291786194
1 0.6143202781677246 0.3606145977973938 0.08348435163497925 0.08581247925758362
1 0.5649921894073486 0.3512187600135803 0.03495311737060547 0.05122914910316467
1 0.5464687347412109 0.347572922706604 0.027937471866607666 0.04102084040641785
1 0.42696094512939453 0.33023959398269653 0.02714061737060547 0.01864585280418396
0 0.69921875 0.328125 0.01718747615814209 0.022916674613952637
