5 0.20683594048023224 0.7768124938011169 0.022203117609024048 0.03545832633972168
1 0.762874960899353 0.7970833778381348 0.2540624737739563 0.24312502145767212
1 0.9756327867507935 0.6830833554267883 0.04182809591293335 0.05662500858306885
0 0.22135156393051147 0.7636145353317261 0.04007813334465027 0.12427085638046265
0 0.6078203320503235 0.706697940826416 0.017796874046325684 0.03835415840148926
0 0.3045703172683716 0.745927095413208 0.012640625238418579 0.061229169368743896
0 0.3207968771457672 0.7353541851043701 0.00940626859664917 0.04350000619888306
0 0.5000078082084656 0.7105103731155396 0.011171907186508179 0.028479158878326416
1 0.5357656478881836 0.7299374938011169 0.09324997663497925 0.062166690826416016
4 0.6993750333786011 0.7052708268165588 0.025593698024749756 0.04195833206176758
1 0.948742151260376 0.6798750162124634 0.01754683256149292 0.02995830774307251
0 0.09871093928813934 0.7632604241371155 0.017421871423721313 0.08718752861022949
0 0.15312500298023224 0.768750011920929 0.05312499403953552 0.15416669845581055
0 0.02031249925494194 0.7666666507720947 0.02187499962747097 0.09166663885116577
1 0.8882812261581421 0.7052083015441895 0.06718748807907104 0.05208331346511841
0 0.6585937738418579 0.7083333730697632 0.010937511920928955 0.04166668653488159
