0 0.9041979312896729 0.24297656118869781 0.04535418748855591 0.10117188096046448
0 0.8478125333786011 0.24544531106948853 0.03183335065841675 0.09551560878753662
0 0.6127395629882812 0.1712031215429306 0.021520793437957764 0.04800000786781311
0 0.7737812995910645 0.03792187571525574 0.012062489986419678 0.020375000312924385
0 0.24640624225139618 0.18968749046325684 0.03714582324028015 0.021406248211860657
0 0.6284166574478149 0.17209374904632568 0.014833331108093262 0.044187501072883606
1 0.10740625113248825 0.7221640348434448 0.21152083575725555 0.541140615940094
1 0.32614585757255554 0.4397656321525574 0.5040833353996277 0.4151250123977661
0 0.019291667267680168 0.1837500035762787 0.038583334535360336 0.03800000250339508
1 0.7400521039962769 0.27238282561302185 0.19235414266586304 0.12904687225818634
1 0.2686041593551636 0.22096094489097595 0.15266667306423187 0.04564063251018524
1 0.34295833110809326 0.22112500667572021 0.12566667795181274 0.05668748915195465
1 0.22551041841506958 0.5350468754768372 0.45102083683013916 0.5530937910079956
1 0.09840625524520874 0.2087422013282776 0.17764583230018616 0.05460937321186066
1 0.6711666584014893 0.28621095418930054 0.21745836734771729 0.1361406147480011
1 0.7870937585830688 0.1237187534570694 0.04806250333786011 0.0299375057220459
1 0.4153228998184204 0.22596874833106995 0.0717291533946991 0.053812503814697266
1 0.04541666805744171 0.23442968726158142 0.09083333611488342 0.07007813453674316
0 0.09062500298023224 0.17500001192092896 0.03541667014360428 0.01874999701976776
0 0.28125 0.18515625596046448 0.04166668653488159 0.029687508940696716
