1 0.8844921588897705 0.7046178579330444 0.09226566553115845 0.08494693040847778
1 0.1424531191587448 0.7008174061775208 0.17240625619888306 0.11004245281219482
1 0.05132031440734863 0.6857430934906006 0.07764062285423279 0.07649683952331543
0 0.7940468788146973 0.6707749366760254 0.02812504768371582 0.04214435815811157
0 0.4907812476158142 0.6571018695831299 0.022093772888183594 0.04588109254837036
0 0.9832265377044678 0.7083864212036133 0.03095310926437378 0.17898088693618774
1 0.7688202857971191 0.7006582021713257 0.1593593955039978 0.1315498948097229
1 0.9632812738418579 0.7009341716766357 0.07343751192092896 0.15999996662139893
1 0.01875000074505806 0.675159215927124 0.03750000149011612 0.055201709270477295
1 0.23046875 0.6804670691490173 0.0546875 0.04033970832824707
1 0.20625001192092896 0.6698514223098755 0.04375000298023224 0.02335458993911743
1 0.4632812738418579 0.6528662443161011 0.029687494039535522 0.057324886322021484
