0 0.02250000089406967 0.6512500047683716 0.03999999910593033 0.17250001430511475
1 0.2762500047683716 0.5887500047683716 0.17250001430511475 0.08249998092651367
2 0.5525000095367432 0.5337499976158142 0.10000002384185791 0.05750000476837158
1 0.6237499713897705 0.5325000286102295 0.04749995470046997 0.030000030994415283
4 0.39375001192092896 0.5637500286102295 0.0625 0.05749994516372681
1 0.44749999046325684 0.5562499761581421 0.08500000834465027 0.04249995946884155
4 0.7637499570846558 0.5487499833106995 0.0274999737739563 0.05750000476837158
1 0.8587499856948853 0.5325000286102295 0.047500014305114746 0.0350000262260437
1 0.9587500095367432 0.5575000047683716 0.07749998569488525 0.04999995231628418
1 0.7887499928474426 0.5275000333786011 0.03750002384185791 0.030000030994415283
