10 0.7074999809265137 0.5912500023841858 0.2850000262260437 0.3174999952316284
0 0.2875000238418579 0.6937500238418579 0.08500000834465027 0.21250003576278687
0 0.39250001311302185 0.6475000381469727 0.06000000238418579 0.17000001668930054
0 0.44999998807907104 0.6599999666213989 0.06499999761581421 0.19499999284744263
0 0.25 0.625 0.08999998867511749 0.13999998569488525
0 0.1550000011920929 0.737500011920929 0.10999999195337296 0.2799999713897705
0 0.04625000059604645 0.6587499976158142 0.07250000536441803 0.1625000238418579
0 0.125 0.5962499976158142 0.06000000238418579 0.11249995231628418
2 0.16750000417232513 0.5699999928474426 0.20000001788139343 0.10000002384185791
0 0.9087499976158142 0.5487499833106995 0.03250002861022949 0.05750000476837158
10 0.4937499761581421 0.5162500143051147 0.14750000834465027 0.1224999725818634
4 0.3387500047683716 0.5375000238418579 0.027500003576278687 0.04000002145767212
4 0.2887499928474426 0.5387499928474426 0.01750001311302185 0.03250002861022949
4 0.27125000953674316 0.5387499928474426 0.012500017881393433 0.027500033378601074
4 0.2549999952316284 0.5387499928474426 0.014999985694885254 0.03250002861022949
0 0.9824999570846558 0.5987499952316284 0.0350000262260437 0.12250000238418579
0 0.8500000238418579 0.5499999523162842 0.01500004529953003 0.07499998807907104
0 0.36374998092651367 0.559999942779541 0.02250000834465027 0.06000000238418579
1 0.01875000074505806 0.5537499785423279 0.032499998807907104 0.0625
