1 0.25826698541641235 0.6220625042915344 0.06903982162475586 0.04400002956390381
3 0.8298243284225464 0.590093731880188 0.338805615901947 0.18693751096725464
6 0.8794613480567932 0.7766953110694885 0.12426233291625977 0.345203161239624
0 0.9750702381134033 0.6754921674728394 0.04096019268035889 0.14576560258865356
0 0.2984543442726135 0.6834609508514404 0.08655735850334167 0.18867188692092896
1 0.30325525999069214 0.5997890830039978 0.0281030535697937 0.01776564121246338
1 0.039121780544519424 0.6080937385559082 0.07824356108903885 0.028156280517578125
3 0.3339110016822815 0.5923359394073486 0.027822017669677734 0.09404683113098145
3 0.27920377254486084 0.5797265768051147 0.03077283501625061 0.03360939025878906
3 0.3060070276260376 0.5732187032699585 0.028501152992248535 0.03031247854232788
1 0.10655737668275833 0.6531250476837158 0.21311475336551666 0.07499998807907104
