5 0.8827109336853027 0.8457764387130737 0.08895313739776611 0.15536469221115112
5 0.9492812156677246 0.8518470525741577 0.101437509059906 0.18712937831878662
1 0.13207031786441803 0.7044941186904907 0.10595313459634781 0.11458826065063477
1 0.7470859289169312 0.801623523235321 0.06876564025878906 0.18701171875
3 0.44544529914855957 0.5178823471069336 0.547671914100647 0.8560000061988831
0 0.6571406126022339 0.6298352479934692 0.052593767642974854 0.12531763315200806
1 0.015382812358438969 0.6567647457122803 0.030765624716877937 0.05757647752761841
0 0.14557811617851257 0.6436117887496948 0.011374995112419128 0.01621180772781372
0 0.0790703147649765 0.6453529596328735 0.015015624463558197 0.04948234558105469
0 0.16926562786102295 0.6498823165893555 0.010906249284744263 0.03938823938369751
0 0.6142421960830688 0.6476353406906128 0.027421891689300537 0.072917640209198
2 0.07308593392372131 0.6370941400527954 0.04323437437415123 0.050470590591430664
1 0.078125 0.6494117975234985 0.03437499701976776 0.04235297441482544
0 0.13046875596046448 0.6399999856948853 0.017187491059303284 0.01882350444793701
