1 0.08999999612569809 0.6775000095367432 0.17499999701976776 0.17000001668930054
5 0.8687499761581421 0.8799999952316284 0.2574999928474426 0.23500001430511475
0 0.7425000071525574 0.7050000429153442 0.08500003814697266 0.19999998807907104
0 0.8862500190734863 0.7387499809265137 0.14249998331069946 0.18250000476837158
0 0.9750000238418579 0.8075000047683716 0.04500001668930054 0.23500001430511475
4 0.65625 0.5987499952316284 0.09749996662139893 0.09249997138977051
5 0.6150000095367432 0.7400000095367432 0.125 0.19499999284744263
0 0.11374999582767487 0.5487499833106995 0.03749999403953552 0.05750000476837158
0 0.15125000476837158 0.5412499904632568 0.027500003576278687 0.03750002384185791
1 0.16750000417232513 0.5987499952316284 0.12999999523162842 0.08749997615814209
4 0.5462499856948853 0.6612499952316284 0.12250000238418579 0.13750004768371582
4 0.48624998331069946 0.6299999952316284 0.07249999046325684 0.09500002861022949
4 0.45499998331069946 0.6037499904632568 0.04999998211860657 0.07749998569488525
1 0.21375000476837158 0.5612499713897705 0.07750000059604645 0.05749994516372681
0 0.5337499976158142 0.5575000047683716 0.022500038146972656 0.06499999761581421
9 0.5537500381469727 0.5637500286102295 0.02249997854232788 0.037499964237213135
9 0.5724999904632568 0.5762500166893005 0.034999966621398926 0.047500014305114746
4 0.4124999940395355 0.5824999809265137 0.07499998807907104 0.06499999761581421
1 0.3712500035762787 0.5449999570846558 0.04250001907348633 0.04000002145767212
