1 0.8710781335830688 0.6953980922698975 0.2578437328338623 0.29009371995925903
3 0.643929660320282 0.31234192848205566 0.20442187786102295 0.28276345133781433
1 0.44078123569488525 0.3322482407093048 0.05309376120567322 0.08074939250946045
1 0.4788515567779541 0.36293911933898926 0.06792187690734863 0.07323184609413147
3 0.64453125 0.8107962608337402 0.7078125476837158 0.36903977394104004
1 0.41792967915534973 0.3246838450431824 0.016703128814697266 0.05348944664001465
1 0.415953129529953 0.31454330682754517 0.019656240940093994 0.042810291051864624
0 0.13072656095027924 0.5574356317520142 0.02770312875509262 0.07978922128677368
0 0.0407421849668026 0.8300585746765137 0.06764062494039536 0.33988291025161743
5 0.29313281178474426 0.7350468635559082 0.13939063251018524 0.3285011649131775
0 0.06938280910253525 0.6026697754859924 0.04470312222838402 0.09676814079284668
0 0.15639063715934753 0.6203278303146362 0.052375003695487976 0.16281026601791382
0 0.15543749928474426 0.5108430981636047 0.04862499237060547 0.11428570747375488
0 0.17121875286102295 0.44806790351867676 0.027156248688697815 0.11290395259857178
0 0.06879687309265137 0.757377028465271 0.04921875149011612 0.3072131276130676
0 0.23036718368530273 0.4871194362640381 0.026984378695487976 0.11896955966949463
0 0.018546873703598976 0.6063700318336487 0.03684375062584877 0.11639344692230225
0 0.30936717987060547 0.38621777296066284 0.0267031192779541 0.10644027590751648
3 0.5054687261581421 0.2763465940952301 0.06406253576278687 0.17330209910869598
3 0.3603437542915344 0.29286885261535645 0.05284374952316284 0.08971898257732391
0 0.02063281275331974 0.6987705230712891 0.03932812437415123 0.17117100954055786
1 0.46855467557907104 0.29213112592697144 0.012109369039535522 0.02683839201927185
0 0.05781249701976776 0.5796252489089966 0.02812499925494194 0.0866510272026062
3 0.4085937738418579 0.2646369934082031 0.04531249403953552 0.05620609223842621
0 0.23984375596046448 0.4566744565963745 0.0234375 0.09836062788963318
0 0.22265625 0.42740046977996826 0.0234375 0.09133487939834595
0 0.13515624403953552 0.4730679392814636 0.03281249850988388 0.09836068749427795
0 0.23281249403953552 0.3840749263763428 0.021875008940696716 0.04215458035469055
0 0.23828125 0.36416861414909363 0.0234375 0.05386418104171753
9 0.18515625596046448 0.38056206703186035 0.0234375 0.04918032884597778
0 0.1171875 0.6674473285675049 0.025000005960464478 0.18266981840133667
9 0.10312500596046448 0.5269321203231812 0.0468750074505806 0.07962530851364136
9 0.11640624701976776 0.40163934230804443 0.01406250149011612 0.016393423080444336
0 0.15546874701976776 0.3700234293937683 0.014062494039535522 0.04215458035469055
0 0.15000000596046448 0.44613581895828247 0.040624991059303284 0.09133490920066833
0 0.16796875 0.3571428656578064 0.017187505960464478 0.05386418104171753
0 0.19921875 0.36416861414909363 0.020312488079071045 0.04918032884597778
0 0.30390626192092896 0.33723652362823486 0.017187505960464478 0.04683840274810791
0 0.3296875059604645 0.3536299765110016 0.028124988079071045 0.07962530851364136
0 0.3382812738418579 0.34660422801971436 0.014062494039535522 0.0655737817287445
0 0.3617187440395355 0.34660422801971436 0.020312488079071045 0.07025763392448425
1 0.4585937261581421 0.2786885201931 0.014062494039535522 0.023419201374053955
1 0.46562498807907104 0.2857142984867096 0.018749982118606567 0.023419201374053955
1 0.4140625 0.31147539615631104 0.028124988079071045 0.04215458035469055
0 0.39140623807907104 0.3196721374988556 0.010937482118606567 0.05386418104171753
0 0.7445312738418579 0.36416861414909363 0.014062464237213135 0.06791567802429199
0 0.7554687261581421 0.33138173818588257 0.017187535762786865 0.03512880206108093
0 0.7710937261581421 0.3571428656578064 0.017187535762786865 0.06323185563087463
0 0.768750011920929 0.33723652362823486 0.00937497615814209 0.023419201374053955
0 0.7992187738418579 0.334894597530365 0.017187535762786865 0.028103023767471313
0 0.8109375238418579 0.33723652362823486 0.012499988079071045 0.023419201374053955
0 0.8195312023162842 0.3407494127750397 0.010937511920928955 0.021077275276184082
0 0.8429687023162842 0.36533957719802856 0.020312488079071045 0.06557375192642212
0 0.821093738079071 0.36416861414909363 0.0234375 0.06791567802429199
0 0.9367187023162842 0.3700234293937683 0.010937511920928955 0.07025760412216187
