0 0.6424999833106995 0.7562500238418579 0.11000001430511475 0.3525000214576721
0 0.48249998688697815 0.5600000023841858 0.06499999761581421 0.125
0 0.5275000333786011 0.5562499761581421 0.030000030994415283 0.10750001668930054
0 0.2199999988079071 0.6225000023841858 0.07999998331069946 0.20000004768371582
0 0.29374998807907104 0.6037499904632568 0.05750000476837158 0.20249998569488525
0 0.36500000953674316 0.5674999952316284 0.03999999165534973 0.13999998569488525
9 0.8587499856948853 0.7612500190734863 0.17750000953674316 0.26249998807907104
0 0.9337500333786011 0.7599999904632568 0.08250004053115845 0.23000001907348633
0 0.7350000143051147 0.6825000047683716 0.09500002861022949 0.21000003814697266
0 0.7649999856948853 0.6349999904632568 0.050000011920928955 0.11000001430511475
0 0.6974999904632568 0.6512500047683716 0.050000011920928955 0.17750000953674316
0 0.8450000286102295 0.6050000190734863 0.06999999284744263 0.10500001907348633
0 0.7287499904632568 0.5425000190734863 0.07749998569488525 0.1300000250339508
0 0.7975000143051147 0.5762499570846558 0.06000000238418579 0.1274999976158142
0 0.5800000429153442 0.5625 0.030000030994415283 0.10000002384185791
0 0.5637500286102295 0.5487500429153442 0.0274999737739563 0.10250002145767212
0 0.42000001668930054 0.5625 0.034999996423721313 0.12000000476837158
0 0.38875001668930054 0.5537500381469727 0.032499998807907104 0.11250001192092896
9 0.643750011920929 0.5549999475479126 0.04250001907348633 0.06000000238418579
0 0.3125 0.5074999928474426 0.04000002145767212 0.08500000834465027
