8 0.014999999664723873 0.6850000023841858 0.029999999329447746 0.2200000286102295
8 0.07750000059604645 0.7012500166893005 0.08499999344348907 0.19249999523162842
8 0.15625 0.6950000524520874 0.05750000476837158 0.19499999284744263
8 0.20625001192092896 0.6737500429153442 0.04749999940395355 0.15749996900558472
8 0.20250000059604645 0.5924999713897705 0.04499998688697815 0.06000000238418579
0 0.04249999672174454 0.5887500047683716 0.044999998062849045 0.10249996185302734
1 0.5362499952316284 0.6050000190734863 0.13250002264976501 0.14499998092651367
1 0.6912499666213989 0.5774999856948853 0.11750000715255737 0.10500001907348633
0 0.07999999821186066 0.543749988079071 0.020000003278255463 0.04250001907348633
1 0.543749988079071 0.5175000429153442 0.04250001907348633 0.030000030994415283
4 0.2737500071525574 0.6012499928474426 0.11750000715255737 0.08749997615814209
4 0.3799999952316284 0.5712500214576721 0.07499998807907104 0.0625
0 0.18000000715255737 0.5299999713897705 0.015000000596046448 0.04000002145767212
0 0.19624999165534973 0.5287500023841858 0.012500002980232239 0.03750002384185791
3 0.5012500286102295 0.5024999976158142 0.07250002026557922 0.029999971389770508
4 0.42500001192092896 0.5562499761581421 0.04999998211860657 0.0625
