3 0.43690359592437744 0.3517892360687256 0.08602941036224365 0.11380717158317566
7 0.5686274766921997 0.6029411554336548 0.2875817120075226 0.6241829991340637
0 0.10131536424160004 0.2746650278568268 0.024395428597927094 0.04988561570644379
0 0.17389705777168274 0.28741830587387085 0.029101312160491943 0.0627450942993164
1 0.5506045818328857 0.4436274468898773 0.06872546672821045 0.06372547149658203
1 0.3162826895713806 0.3206862807273865 0.04540848731994629 0.03352940082550049
1 0.38210785388946533 0.3380473852157593 0.034901946783065796 0.02426469326019287
0 0.12125816941261292 0.27776962518692017 0.02633986622095108 0.05328431725502014
1 0.3555637300014496 0.3305310606956482 0.03668302297592163 0.023382335901260376
0 0.5449346303939819 0.3937908411026001 0.024509787559509277 0.04248365759849548
1 0.4771241545677185 0.37173202633857727 0.016339868307113647 0.027777791023254395
