1 0.49089062213897705 0.45054757595062256 0.17956247925758362 0.23440924286842346
1 0.6541796922683716 0.4475216269493103 0.21173441410064697 0.27763688564300537
1 0.557421863079071 0.34793949127197266 0.11087501049041748 0.11685878038406372
3 0.8132812976837158 0.2646685838699341 0.12362498044967651 0.2009221911430359
0 0.8837578296661377 0.46365994215011597 0.07645314931869507 0.40115272998809814
0 0.49101561307907104 0.2910086512565613 0.03168749809265137 0.07417866587638855
0 0.9022421836853027 0.6930115222930908 0.19551563262939453 0.6139769554138184
0 0.9593437910079956 0.29976946115493774 0.056968748569488525 0.21193082630634308
0 0.5443437099456787 0.2386743575334549 0.030937492847442627 0.11377522349357605
0 0.5585859417915344 0.22402018308639526 0.026515603065490723 0.10953891277313232
0 0.8346015214920044 0.3595533072948456 0.056046903133392334 0.13034582138061523
0 0.9877343773841858 0.32198846340179443 0.024531245231628418 0.1352161467075348
4 0.28828126192092896 0.5835734605789185 0.25468748807907104 0.740634024143219
