0 0.10750000178813934 0.8300000429153442 0.16999998688697815 0.3349999785423279
4 0.9025000333786011 0.7300000190734863 0.1850000023841858 0.2850000262260437
1 0.6112499833106995 0.5549999475479126 0.07249999046325684 0.06999999284744263
4 0.6637499928474426 0.5475000143051147 0.027500033378601074 0.05500000715255737
1 0.7000000476837158 0.5349999666213989 0.050000011920928955 0.0350000262260437
2 0.7899999618530273 0.5737500190734863 0.16500002145767212 0.10250002145767212
0 0.32875001430511475 0.5550000071525574 0.03749999403953552 0.08000004291534424
4 0.10125000029802322 0.5687500238418579 0.08249999582767487 0.10250002145767212
2 0.09750000387430191 0.5499999523162842 0.17499999701976776 0.07999998331069946
1 0.21250000596046448 0.5499999523162842 0.11500000953674316 0.05500000715255737
0 0.4137499928474426 0.5237500071525574 0.01750001311302185 0.04250001907348633
