4 0.6035468578338623 0.7734687328338623 0.0678437352180481 0.11056250333786011
4 0.5485625267028809 0.7813645601272583 0.053187549114227295 0.07835417985916138
4 0.6941249966621399 0.7899374961853027 0.10265624523162842 0.09362494945526123
0 0.874273419380188 0.7819687128067017 0.032421886920928955 0.15939587354660034
0 0.9278515577316284 0.7790625095367432 0.05854690074920654 0.17208331823349
0 0.13435937464237213 0.733760416507721 0.018562495708465576 0.061020851135253906
1 0.36745312809944153 0.7789166569709778 0.140625 0.12037503719329834
1 0.46653124690055847 0.7653958797454834 0.08040624856948853 0.08941668272018433
1 0.2036406248807907 0.7410728931427002 0.06103125214576721 0.05818754434585571
4 0.6398124694824219 0.7854270935058594 0.059968769550323486 0.09606248140335083
0 0.513796865940094 0.7765520811080933 0.035500019788742065 0.08085417747497559
0 0.6684218645095825 0.7158020734786987 0.026187479496002197 0.06910419464111328
10 0.1184062510728836 0.7321979403495789 0.032499998807907104 0.052312493324279785
1 0.16822656989097595 0.7403854131698608 0.03229688107967377 0.05127084255218506
1 0.5841484069824219 0.7260208129882812 0.022546827793121338 0.03579169511795044
1 0.3118203282356262 0.7521562576293945 0.04364064335823059 0.0666041374206543
1 0.2879921793937683 0.7545104026794434 0.05164062976837158 0.06352084875106812
1 0.2630937695503235 0.7498437166213989 0.04378125071525574 0.062437474727630615
1 0.16099219024181366 0.7378020882606506 0.045140624046325684 0.05185413360595703
1 0.10148437321186066 0.7341353893280029 0.01653125137090683 0.037145793437957764
4 0.5726171731948853 0.784083366394043 0.04807811975479126 0.08254164457321167
