2 0.1505099982023239 0.5272133350372314 0.27382001280784607 0.3741600215435028
0 0.5083799958229065 0.7214800119400024 0.12416002154350281 0.4317600131034851
0 0.9126399755477905 0.6955066919326782 0.16684001684188843 0.4651466906070709
0 0.5880399942398071 0.5777333378791809 0.10523998737335205 0.16581332683563232
0 0.38495999574661255 0.6971733570098877 0.12936002016067505 0.5188266634941101
0 0.7207800149917603 0.5576399564743042 0.049279987812042236 0.14215999841690063
0 0.7816300392150879 0.5703999996185303 0.03977996110916138 0.1286933422088623
0 0.8083200454711914 0.5474933385848999 0.026719987392425537 0.0957866907119751
0 0.7472699880599976 0.5390133261680603 0.027940034866333008 0.08725333213806152
1 0.5102499723434448 0.517906665802002 0.09846001863479614 0.1305333375930786
0 0.13300000131130219 0.7026666402816772 0.26600000262260437 0.5893333554267883
