0 0.21718749403953552 0.5698529481887817 0.015625 0.05514705181121826
1 0.31458333134651184 0.576286792755127 0.05833333730697632 0.05330878496170044
1 0.42239582538604736 0.560661792755127 0.057291656732559204 0.05147057771682739
2 0.4671875238418579 0.5505514740943909 0.04062500596046448 0.053308844566345215
11 0.5322916507720947 0.704963207244873 0.04166668653488159 0.24448531866073608
2 0.6708333492279053 0.6534926295280457 0.1812499761581421 0.3327206075191498
0 0.9244791865348816 0.7306985855102539 0.09270834922790527 0.22242647409439087
0 0.9828125238418579 0.6498161554336548 0.023958325386047363 0.10110294818878174
1 0.03177083283662796 0.5818014740943909 0.06145833432674408 0.06066179275512695
1 0.17552083730697632 0.5716911554336548 0.05104166269302368 0.04779410362243652
