0 0.4361015558242798 0.41078269481658936 0.019484370946884155 0.16282710433006287
9 0.9855703115463257 0.47815418243408203 0.028859376907348633 0.1264953315258026
9 0.7044843435287476 0.4800233542919159 0.042187511920928955 0.13205605745315552
0 0.8956484794616699 0.5257593393325806 0.04829686880111694 0.23413550853729248
7 0.6226406097412109 0.5135864615440369 0.06443750858306885 0.19857478141784668
6 0.9468749761581421 0.5764719247817993 0.043937504291534424 0.1415887475013733
0 0.1687031239271164 0.5214719772338867 0.08446875214576721 0.30752336978912354
9 0.6795547008514404 0.47719627618789673 0.05782812833786011 0.14883175492286682
1 0.6439609527587891 0.3175584077835083 0.026265621185302734 0.014836430549621582
7 0.6186718940734863 0.599462628364563 0.03559374809265137 0.02761685848236084
9 0.48091405630111694 0.4308411180973053 0.033703118562698364 0.08915889263153076
6 0.7890859246253967 0.4875817894935608 0.02714061737060547 0.09221962094306946
0 0.5620781183242798 0.6194275617599487 0.08490622043609619 0.5840420722961426
0 0.13046875596046448 0.43457943201065063 0.05156250298023224 0.20560750365257263
9 0.07968749850988388 0.42990654706954956 0.06562499701976776 0.11214953660964966
9 0.04218749701976776 0.43341121077537537 0.0624999962747097 0.11915886402130127
0 0.4085937440395355 0.45093458890914917 0.0546875 0.24766352772712708
6 0.8226562738418579 0.49065420031547546 0.045312464237213135 0.07943922281265259
9 0.94921875 0.46612149477005005 0.03593754768371582 0.09579440951347351
0 0.8648437261581421 0.45911213755607605 0.045312464237213135 0.09579437971115112
