5 0.9612500071525574 0.6950000524520874 0.07749998569488525 0.18000000715255737
4 0.9199999570846558 0.5975000262260437 0.1600000262260437 0.12999999523162842
2 0.8362500071525574 0.53125 0.06749999523162842 0.047500014305114746
0 0.668749988079071 0.6050000190734863 0.08749997615814209 0.13499999046325684
9 0.051249999552965164 0.7250000238418579 0.09750000387430191 0.125
9 0.47874999046325684 0.6175000071525574 0.052500009536743164 0.09500002861022949
9 0.2824999988079071 0.6587499976158142 0.04000002145767212 0.0625
9 0.32124999165534973 0.6687500476837158 0.05750000476837158 0.1274999976158142
9 0.34375 0.6225000023841858 0.03750002384185791 0.034999966621398926
9 0.11749999970197678 0.7749999761581421 0.10500000417232513 0.24000000953674316
9 0.1262499988079071 0.8174999952316284 0.21250000596046448 0.3100000023841858
