0 0.7224999666213989 0.8300000429153442 0.09499996900558472 0.3349999785423279
9 0.4312499761581421 0.8162499666213989 0.10249999165534973 0.26749998331069946
0 0.06875000149011612 0.7775000333786011 0.11249999701976776 0.26500004529953003
0 0.18125000596046448 0.7599999904632568 0.1274999976158142 0.19499999284744263
9 0.4337500035762787 0.6675000190734863 0.052500009536743164 0.07999998331069946
9 0.5425000190734863 0.6924999952316284 0.050000011920928955 0.09000003337860107
9 0.5887500047683716 0.6662499904632568 0.052500009536743164 0.08749997615814209
9 0.3374999761581421 0.6412500143051147 0.03999999165534973 0.06749999523162842
9 0.3725000023841858 0.65625 0.050000011920928955 0.0625
9 0.3725000023841858 0.7275000214576721 0.06999999284744263 0.11000001430511475
9 0.6599999666213989 0.6650000214576721 0.05500000715255737 0.12000000476837158
9 0.25 0.6549999713897705 0.050000011920928955 0.07999998331069946
