5 0.05195312574505806 0.5719895362854004 0.06975000351667404 0.0767708420753479
1 0.6791718602180481 0.4842187464237213 0.14368748664855957 0.058770835399627686
0 0.39943748712539673 0.6139687299728394 0.036781251430511475 0.20327085256576538
0 0.3538828194141388 0.6214375495910645 0.04935938119888306 0.19466668367385864
0 0.8357343673706055 0.4645729064941406 0.012968778610229492 0.06018748879432678
0 0.17537499964237213 0.44353124499320984 0.010749995708465576 0.050562500953674316
4 0.9660468697547913 0.6628645658493042 0.05078125 0.1457708477973938
4 0.8170859217643738 0.6264479160308838 0.10245311260223389 0.18218755722045898
4 0.7306015491485596 0.6259583234786987 0.07960939407348633 0.13341665267944336
4 0.6554297208786011 0.6198958158493042 0.09204691648483276 0.1213333010673523
4 0.6008281111717224 0.6145937442779541 0.08140623569488525 0.11164581775665283
4 0.4842265546321869 0.58963543176651 0.08629685640335083 0.13185417652130127
4 0.44657033681869507 0.578864574432373 0.06082811951637268 0.09843748807907104
4 0.11628906428813934 0.5605937242507935 0.09264061599969864 0.08285421133041382
4 0.9121327996253967 0.6545416712760925 0.06007814407348633 0.15212500095367432
0 0.8171172142028809 0.4635729193687439 0.016328155994415283 0.045395851135253906
0 0.5804062485694885 0.45157289505004883 0.017093777656555176 0.04285416007041931
0 0.16166406869888306 0.44617709517478943 0.011390626430511475 0.05147916078567505
1 0.03359375149011612 0.45373958349227905 0.06718750298023224 0.05106252431869507
0 0.5577812194824219 0.4493541717529297 0.01012498140335083 0.022583335638046265
0 0.5264296531677246 0.4490728974342346 0.009953081607818604 0.031187504529953003
0 0.5692421793937683 0.44720834493637085 0.014296889305114746 0.029416650533676147
0 0.5271171927452087 0.6233541965484619 0.058640629053115845 0.1915000081062317
1 0.4140625 0.5239583253860474 0.21875 0.12291666865348816
4 0.8179687261581421 0.4885416626930237 0.048437535762786865 0.06458330154418945
5 0.40312498807907104 0.6229166984558105 0.07187500596046448 0.0791667103767395
