2 0.125 0.5662499666213989 0.25 0.10750001668930054
2 0.3387500047683716 0.5375000238418579 0.10750001668930054 0.06000000238418579
2 0.48874998092651367 0.5112500190734863 0.052499979734420776 0.037499964237213135
5 0.6825000047683716 0.6150000095367432 0.05500000715255737 0.09500002861022949
4 0.7337499856948853 0.5924999713897705 0.0625 0.10999995470046997
8 0.8487499952316284 0.8350000381469727 0.1274999976158142 0.32499998807907104
8 0.9025000333786011 0.7425000071525574 0.0899999737739563 0.20500004291534424
0 0.8650000095367432 0.6337499618530273 0.10000002384185791 0.1274999976158142
0 0.9112499952316284 0.6000000238418579 0.047500014305114746 0.08499997854232788
0 0.7087500095367432 0.53125 0.022500038146972656 0.04250001907348633
10 0.6262500286102295 0.5074999928474426 0.037499964237213135 0.039999961853027344
2 0.5287500023841858 0.5062500238418579 0.03250002861022949 0.0274999737739563
2 0.5475000143051147 0.5037499666213989 0.019999980926513672 0.02249997854232788
