0 0.08874218910932541 0.5133098363876343 0.17748437821865082 0.08314555883407593
0 0.8118827939033508 0.5667018890380859 0.05689060688018799 0.05833333730697632
0 0.9367421865463257 0.5607863664627075 0.05720317363739014 0.043826282024383545
0 0.9521640539169312 0.5056455135345459 0.03982812166213989 0.027206599712371826
1 0.8667500019073486 0.423767626285553 0.06890624761581421 0.03420189023017883
1 0.5759531259536743 0.4543192386627197 0.048218727111816406 0.034460097551345825
1 0.9071484804153442 0.3985446095466614 0.0528905987739563 0.029154926538467407
1 0.9808984398841858 0.405633807182312 0.03820312023162842 0.030657291412353516
0 0.5427812337875366 0.7615492939949036 0.19209372997283936 0.4630986452102661
0 0.7448984384536743 0.750563383102417 0.15854692459106445 0.4763849973678589
0 0.645437479019165 0.7719131708145142 0.07628124952316284 0.45617371797561646
0 0.9420077800750732 0.6287676095962524 0.04957813024520874 0.095328688621521
6 0.03728124871850014 0.9258919954299927 0.07456249743700027 0.14821594953536987
1 0.8633671998977661 0.3969366252422333 0.041640639305114746 0.02349764108657837
1 0.9787890911102295 0.39043426513671875 0.04242187738418579 0.03692486882209778
1 0.8268046379089355 0.4094718396663666 0.03701561689376831 0.031760573387145996
2 0.7928047180175781 0.4469248652458191 0.08567184209823608 0.07826289534568787
2 0.7253749966621399 0.4595305323600769 0.08700001239776611 0.06300470232963562
0 0.9333593845367432 0.5271361470222473 0.04271876811981201 0.025399088859558105
0 0.9781093597412109 0.5246361494064331 0.03568750619888306 0.021572768688201904
0 0.44321876764297485 0.7973825931549072 0.07353124022483826 0.40523475408554077
0 0.30375000834465027 0.8360328674316406 0.20940625667572021 0.32793426513671875
0 0.852343738079071 0.6590375900268555 0.11093747615814209 0.18661969900131226
0 0.4085937738418579 0.6811854243278503 0.17031249403953552 0.3717605769634247
0 0.19062499701976776 0.747230052947998 0.37812498211860657 0.5038497447967529
0 0.4437500238418579 0.47424882650375366 0.015875011682510376 0.04882627725601196
1 0.7857968807220459 0.40220656991004944 0.047812461853027344 0.021032869815826416
1 0.9182578325271606 0.36771127581596375 0.024890601634979248 0.02044600248336792
0 0.04374999925494194 0.7652581930160522 0.08437500149011612 0.23004692792892456
0 0.10468749701976776 0.8485915660858154 0.05000000447034836 0.26056337356567383
0 0.49609375 0.6314554214477539 0.026562482118606567 0.051643192768096924
9 0.864062488079071 0.762910783290863 0.08437502384185791 0.1314554214477539
9 0.9500000476837158 0.8098591566085815 0.07499998807907104 0.07511734962463379
0 0.960156261920929 0.6396713852882385 0.01718747615814209 0.049295783042907715
0 0.4789062738418579 0.6279342770576477 0.029687494039535522 0.08685445785522461
0 0.4593749940395355 0.47535210847854614 0.015625 0.06338027119636536
0 0.39921873807907104 0.7089201807975769 0.03281250596046448 0.2441314458847046
0 0.8843749761581421 0.6690140962600708 0.0625 0.10798120498657227
0 0.40703123807907104 0.47769951820373535 0.014062494039535522 0.035211265087127686
0 0.3960937559604645 0.47887325286865234 0.010937511920928955 0.03755870461463928
0 0.40234375 0.4636150300502777 0.0078125 0.021126747131347656
0 0.38984376192092896 0.47769951820373535 0.0078125 0.04460093379020691
0 0.3828125 0.48122066259384155 0.00625002384185791 0.04694834351539612
0 0.37421876192092896 0.48474177718162537 0.010937482118606567 0.04460090398788452
0 0.3648437261581421 0.48591548204421997 0.014062494039535522 0.05633804202079773
