1 0.042234376072883606 0.5822652578353882 0.08159375190734863 0.38495302200317383
0 0.08885937929153442 0.5717370510101318 0.033125005662441254 0.17469483613967896
0 0.1424218714237213 0.5202112197875977 0.05840625613927841 0.2339436411857605
0 0.34843748807907104 0.43309861421585083 0.03437498211860657 0.04460093379020691
5 0.2671875059604645 0.4201878011226654 0.034375011920928955 0.11737090349197388
5 0.3140625059604645 0.44366198778152466 0.034375011920928955 0.18309858441352844
5 0.4937499761581421 0.48943662643432617 0.06874999403953552 0.3262910842895508
5 0.6460937261581421 0.6490610241889954 0.14218753576278687 0.6971831321716309
5 0.16953125596046448 0.4460093677043915 0.04218749701976776 0.1596243977546692
5 0.09999999403953552 0.4237089157104492 0.02499999850988388 0.08215963840484619
0 0.09218750149011612 0.47065725922584534 0.03125 0.10563379526138306
