1 0.7418281435966492 0.6704225540161133 0.5117812156677246 0.5999999642372131
0 0.07383593916893005 0.563215970993042 0.04685937240719795 0.17558684945106506
0 0.10435156524181366 0.5219953060150146 0.021578125655651093 0.06769955158233643
0 0.3309609293937683 0.5390844941139221 0.02035936713218689 0.11802816390991211
0 0.4087265729904175 0.5126878023147583 0.0201093852519989 0.08345070481300354
0 0.5283750295639038 0.5042253732681274 0.025343716144561768 0.0777934193611145
2 0.22441406548023224 0.4873356819152832 0.1802656352519989 0.18537557125091553
0 0.2554687559604645 0.5516431927680969 0.0390625 0.16431927680969238
0 0.3070312440395355 0.5575117468833923 0.035937488079071045 0.14788734912872314
5 0.140625 0.5845070481300354 0.10312500596046448 0.18779340386390686
7 0.07109375298023224 0.6960093975067139 0.14218750596046448 0.40140846371650696
7 0.20468750596046448 0.6314554214477539 0.09687501192092896 0.3380281329154968
7 0.3828125 0.591549277305603 0.07187497615814209 0.2629108130931854
7 0.44843751192092896 0.5856807231903076 0.05937501788139343 0.30751174688339233
0 0.573437511920929 0.5340375304222107 0.02499997615814209 0.1197182834148407
