1 0.13828906416893005 0.6994823217391968 0.0865781307220459 0.08536475896835327
1 0.09184375405311584 0.6741058826446533 0.05659375339746475 0.07583534717559814
1 0.940625011920929 0.8529411554336548 0.11562502384185791 0.23294121026992798
1 0.015039063058793545 0.6710118055343628 0.029984375461935997 0.06489413976669312
3 0.520312488079071 0.5553882718086243 0.6218750476837158 0.7813647389411926
0 0.8684687614440918 0.7339882254600525 0.018187522888183594 0.08101177215576172
0 0.8315390348434448 0.7340941429138184 0.015046894550323486 0.0744941234588623
1 0.04502343758940697 0.6551647186279297 0.026578128337860107 0.04444706439971924
0 0.16147655248641968 0.6526941061019897 0.004953131079673767 0.01536470651626587
1 0.07109375298023224 0.6588234901428223 0.03281249850988388 0.05176466703414917
2 0.01406249962747097 0.6376470327377319 0.02812499925494194 0.047058820724487305
3 0.984375 0.6976470947265625 0.03125 0.08235293626785278
0 0.9132812023162842 0.7129411697387695 0.010937511920928955 0.042352914810180664
0 0.17343750596046448 0.6588234901428223 0.006250008940696716 0.03294116258621216
0 0.16953125596046448 0.6588234901428223 0.0078125 0.03294116258621216
0 0.19843749701976776 0.6599999666213989 0.009375005960464478 0.03529411554336548
0 0.19218750298023224 0.6588234901428223 0.0062499940395355225 0.03294116258621216
