8 0.9474999904632568 0.7200000286102295 0.09000003337860107 0.22499996423721313
8 0.8650000095367432 0.6949999928474426 0.06000000238418579 0.16999995708465576
8 0.8199999928474426 0.6737500429153442 0.04499995708465576 0.15749996900558472
8 0.7899999618530273 0.6312500238418579 0.04500001668930054 0.13749998807907104
8 0.7749999761581421 0.6187499761581421 0.025000035762786865 0.12250000238418579
8 0.7475000023841858 0.6062500476837158 0.039999961853027344 0.12250000238418579
8 0.6699999570846558 0.6062500476837158 0.030000030994415283 0.11250001192092896
8 0.9412499666213989 0.6000000238418579 0.05249994993209839 0.07499998807907104
0 0.9787499904632568 0.5924999713897705 0.03750002384185791 0.11499994993209839
0 0.8999999761581421 0.6262500286102295 0.0350000262260437 0.12250000238418579
0 0.47874999046325684 0.5425000190734863 0.012500017881393433 0.04000002145767212
1 0.3725000023841858 0.5337499976158142 0.05500000715255737 0.05750000476837158
3 0.3700000047683716 0.5099999904632568 0.06499999761581421 0.06000003218650818
1 0.2862499952316284 0.5575000047683716 0.0625 0.05500000715255737
1 0.3174999952316284 0.53125 0.025000005960464478 0.027500033378601074
0 0.02500000037252903 0.5962499976158142 0.05000000074505806 0.10249996185302734
0 0.06499999761581421 0.5850000381469727 0.03500000387430191 0.07999998331069946
0 0.4325000047683716 0.5262500047683716 0.009999990463256836 0.03250002861022949
0 0.6512500047683716 0.5762500166893005 0.01750004291534424 0.07749998569488525
