1 0.08506999909877777 0.4378162622451782 0.17013999819755554 0.12412649393081665
1 0.7659599781036377 0.4427710771560669 0.08823996782302856 0.10415661334991455
1 0.37599998712539673 0.44274094700813293 0.04243999719619751 0.12367469072341919
5 0.7346999645233154 0.7848343253135681 0.2903199791908264 0.3157529830932617
4 0.9020000100135803 0.8797740936279297 0.19547998905181885 0.2134639024734497
0 0.6147599816322327 0.5044879913330078 0.05967998504638672 0.2584337592124939
0 0.7407000064849854 0.5250903367996216 0.18755996227264404 0.21343371272087097
4 0.655460000038147 0.4356476068496704 0.039839982986450195 0.16003012657165527
0 0.07735999673604965 0.4632229208946228 0.06111999973654747 0.15855422616004944
5 0.06300000101327896 0.5316265225410461 0.07400000095367432 0.10542169213294983
4 0.30399999022483826 0.5060241222381592 0.09200000762939453 0.2469879686832428
4 0.5009999871253967 0.4427710771560669 0.062000006437301636 0.17469879984855652
4 0.5460000038146973 0.5060241222381592 0.08799999952316284 0.3132529854774475
4 0.4350000023841858 0.516566276550293 0.15799999237060547 0.29216864705085754
4 0.925000011920929 0.4518072009086609 0.046000003814697266 0.11445781588554382
5 0.8500000238418579 0.4879518151283264 0.19999998807907104 0.28313255310058594
