0 0.7588541507720947 0.7261029481887817 0.09270834922790527 0.36764705181121826
0 0.7796875238418579 0.5183823108673096 0.05729168653488159 0.16176468133926392
1 0.8713541626930237 0.5661764740943909 0.140625 0.18382349610328674
0 0.6281249523162842 0.6599264740943909 0.08333331346511841 0.3492647409439087
11 0.5671875476837158 0.625 0.06562501192092896 0.040441155433654785
1 0.4739583134651184 0.49172794818878174 0.09166666865348816 0.15257349610328674
2 0.4697916507720947 0.3648897111415863 0.02708330750465393 0.020220577716827393
1 0.4182291626930237 0.37775737047195435 0.028124988079071045 0.03860291838645935
1 0.4281249940395355 0.3860294222831726 0.02708333730697632 0.033088237047195435
11 0.5651041269302368 0.49632352590560913 0.05729168653488159 0.08823525905609131
0 0.06822916865348816 0.4696691036224365 0.03229166939854622 0.1305147111415863
1 0.13697916269302368 0.38235294818878174 0.03854166716337204 0.036764711141586304
1 0.0572916679084301 0.4154411852359772 0.1145833358168602 0.06617647409439087
1 0.3786458373069763 0.3851102888584137 0.030208349227905273 0.02389705181121826
1 0.3489583134651184 0.38327205181121826 0.02916666865348816 0.02757352590560913
