4 0.09624999761581421 0.8512499928474426 0.1875 0.29250001907348633
0 0.8187500238418579 0.5649999976158142 0.03249996900558472 0.08500003814697266
0 0.8650000095367432 0.5737500190734863 0.04500001668930054 0.08249998092651367
0 0.8962500095367432 0.5612499713897705 0.04250001907348633 0.08250004053115845
0 0.9449999928474426 0.5399999618530273 0.02499997615814209 0.05500000715255737
9 0.9600000381469727 0.6262500286102295 0.07499998807907104 0.11750000715255737
0 0.5499999523162842 0.5950000286102295 0.06000000238418579 0.125
0 0.36124998331069946 0.6487500071525574 0.0925000011920929 0.19249999523162842
0 0.3087500035762787 0.6337500214576721 0.0625 0.18250000476837158
0 0.07874999940395355 0.6512500047683716 0.14750000834465027 0.19749999046325684
0 0.2150000035762787 0.6137499809265137 0.07500000298023224 0.14749997854232788
