10 0.5025312304496765 0.47071877121925354 0.6165624856948853 0.7207291722297668
1 0.8464531302452087 0.5107604265213013 0.07884371280670166 0.055562496185302734
1 0.8891093730926514 0.49262499809265137 0.0794687271118164 0.045083314180374146
10 0.9031640291213989 0.586062490940094 0.19367188215255737 0.24549996852874756
0 0.15064844489097595 0.5108645558357239 0.009859368205070496 0.03722915053367615
0 0.13718751072883606 0.5138645768165588 0.014249995350837708 0.046062469482421875
0 0.10450781881809235 0.5102187395095825 0.010265626013278961 0.040895819664001465
0 0.08938281238079071 0.5065000057220459 0.009515628218650818 0.030000001192092896
0 0.12388281524181366 0.5149583220481873 0.011234380304813385 0.04712498188018799
0 0.167906254529953 0.5087291598320007 0.014031246304512024 0.0455833375453949
0 0.1441953182220459 0.5110000371932983 0.008171871304512024 0.050541698932647705
0 0.162109375 0.5037500262260437 0.008218735456466675 0.039041668176651
1 0.06718750298023224 0.578125 0.13437500596046448 0.15208327770233154
1 0.06484375149011612 0.5020833015441895 0.02968749776482582 0.020833313465118408
1 0.03125 0.5 0.03750000149011612 0.012500017881393433
