1 0.6625643968582153 0.6551250219345093 0.1494847536087036 0.061625003814697266
3 0.34660419821739197 0.5921875238418579 0.5152224898338318 0.22187501192092896
3 0.7669321298599243 0.6187499761581421 0.22576111555099487 0.12187498807907104
0 0.05206088721752167 0.6464999914169312 0.036768149584531784 0.061531245708465576
1 0.8950936794281006 0.6532422304153442 0.06002342700958252 0.03329688310623169
0 0.03105386532843113 0.6448203325271606 0.01775175705552101 0.058171868324279785
3 0.6159250736236572 0.5968749523162842 0.04683840274810791 0.06562501192092896
4 0.9367681741714478 0.659375011920929 0.01873534917831421 0.02187502384185791
4 0.9355971813201904 0.6437499523162842 0.021077275276184082 0.018750011920928955
3 0.9355971813201904 0.6304687261581421 0.12880563735961914 0.0703125
