1 0.21674999594688416 0.5818854570388794 0.03631250560283661 0.03043752908706665
1 0.9534531235694885 0.7123333215713501 0.09271872043609619 0.14412498474121094
1 0.6757265329360962 0.5804270505905151 0.06801563501358032 0.043395817279815674
1 0.17753124237060547 0.5675520896911621 0.023625001311302185 0.028437495231628418
1 0.5313827991485596 0.5638021230697632 0.0421718955039978 0.014062464237213135
1 0.625 0.5656249523162842 0.04375004768371582 0.02708333730697632
10 0.747921884059906 0.5618958473205566 0.09684371948242188 0.04670834541320801
2 0.3916327953338623 0.5851458311080933 0.12632814049720764 0.08387500047683716
3 0.16443750262260437 0.5601458549499512 0.01887500286102295 0.024958312511444092
1 0.9736562967300415 0.554437518119812 0.01896876096725464 0.012624979019165039
1 0.30244532227516174 0.5644896030426025 0.02139061689376831 0.011145830154418945
1 0.01874999888241291 0.6251354217529297 0.028749998658895493 0.04235416650772095
1 0.13445311784744263 0.5691875219345093 0.023625001311302185 0.02974998950958252
3 0.22187499701976776 0.5635416507720947 0.03125 0.03958332538604736
1 0.3203125 0.5822917222976685 0.02187502384185791 0.03541666269302368
1 0.8101562261581421 0.5635416507720947 0.029687464237213135 0.02708333730697632
1 0.983593761920929 0.5479166507720947 0.03281247615814209 0.020833313465118408
