0 0.9178515672683716 0.7449452877044678 0.1636718511581421 0.48765861988067627
0 0.6901015639305115 0.4276586174964905 0.018203139305114746 0.07759299874305725
0 0.1847187578678131 0.5412144660949707 0.04849998652935028 0.25345733761787415
0 0.15443751215934753 0.552680492401123 0.05753125250339508 0.2610284686088562
0 0.39964061975479126 0.4710721969604492 0.03406250476837158 0.19531726837158203
0 0.4242578148841858 0.49654266238212585 0.02454686164855957 0.16472643613815308
0 0.06604687124490738 0.5045186281204224 0.05690624937415123 0.2158205807209015
0 0.9295156002044678 0.42595183849334717 0.03865629434585571 0.1488402783870697
0 0.5226016044616699 0.4495185911655426 0.0333593487739563 0.10700219869613647
0 0.269593745470047 0.5258752703666687 0.07393752038478851 0.24566742777824402
0 0.5903359651565552 0.4525054693222046 0.04001563787460327 0.08299779891967773
1 0.2967812418937683 0.4049453139305115 0.07225000858306885 0.057242900133132935
1 0.17884375154972076 0.3748140037059784 0.051375001668930054 0.0293654203414917
0 0.8058359622955322 0.4238949418067932 0.024234354496002197 0.11824944615364075
4 0.4976562261581421 0.6597374081611633 0.4203124940395355 0.43544861674308777
