1 0.315492182970047 0.8642618656158447 0.08342188596725464 0.11247915029525757
1 0.2687656283378601 0.8547771573066711 0.05162501335144043 0.09685242176055908
1 0.0705859363079071 0.819442868232727 0.030171871185302734 0.03621166944503784
1 0.15306249260902405 0.8159749507904053 0.02265624701976776 0.047493040561676025
1 0.1313515603542328 0.8227158784866333 0.020296871662139893 0.027158737182617188
0 0.5177265405654907 0.8947075605392456 0.043765634298324585 0.19175487756729126
1 0.23907031118869781 0.8404735326766968 0.059390634298324585 0.09816157817840576
6 0.5883281230926514 0.8993871808052063 0.023656249046325684 0.1451810598373413
0 0.6363906264305115 0.8757103085517883 0.029531240463256836 0.19080781936645508
0 0.7286640405654907 0.8696378469467163 0.026296913623809814 0.18997210264205933
0 0.6050859689712524 0.8820751905441284 0.03070312738418579 0.1712813377380371
0 0.5517578125 0.8845403790473938 0.0319218635559082 0.18228411674499512
0 0.03734374791383743 0.8719080686569214 0.04959375038743019 0.19423401355743408
0 0.4912187457084656 0.8983286619186401 0.025781244039535522 0.20334261655807495
0 0.17290624976158142 0.8294429183006287 0.014093756675720215 0.06813371181488037
0 0.20246094465255737 0.8292478919029236 0.019328132271766663 0.06178271770477295
0 0.09453125298023224 0.8189414739608765 0.01718749850988388 0.05571025609970093
1 0.18046875298023224 0.8272980451583862 0.0390625 0.06685233116149902
