1 0.09673437476158142 0.7634479403495789 0.19346874952316284 0.2601875066757202
1 0.406000018119812 0.6003645658493042 0.07321873307228088 0.10218751430511475
3 0.5852890610694885 0.5278229117393494 0.23410940170288086 0.2855208218097687
3 0.2525624930858612 0.5427500009536743 0.11534374952316284 0.24287497997283936
0 0.11403906345367432 0.5984166860580444 0.015578120946884155 0.06816667318344116
8 0.1545703113079071 0.606124997138977 0.022703126072883606 0.08520829677581787
8 0.8472031354904175 0.6449791789054871 0.026187479496002197 0.10899996757507324
0 0.9467343688011169 0.6415937542915344 0.05181252956390381 0.19560420513153076
8 0.8597812652587891 0.6036354303359985 0.022343754768371582 0.10052084922790527
0 0.059507813304662704 0.6006771326065063 0.04539062827825546 0.0663958191871643
0 0.02420312538743019 0.6002291440963745 0.029718749225139618 0.07962501049041748
0 0.7116484642028809 0.6109999418258667 0.022859394550323486 0.1159166693687439
8 0.879812479019165 0.629645824432373 0.03031247854232788 0.15349996089935303
8 0.17841406166553497 0.604562520980835 0.017703115940093994 0.0752916932106018
8 0.9116171598434448 0.640041708946228 0.0398905873298645 0.16095834970474243
8 0.13084375858306885 0.6076041460037231 0.023249998688697815 0.07033330202102661
