1 0.8346796631813049 0.2811241149902344 0.14107811450958252 0.15859484672546387
1 0.9033515453338623 0.23953162133693695 0.041046857833862305 0.06402811408042908
1 0.7391953468322754 0.24103043973445892 0.09173434972763062 0.0811709463596344
0 0.04447656497359276 0.35752928256988525 0.0774843767285347 0.25374704599380493
0 0.09452343732118607 0.3079391121864319 0.03595311939716339 0.20360656082630157
0 0.1585703194141388 0.2571662664413452 0.02579687535762787 0.1210772842168808
0 0.9468749761581421 0.23357143998146057 0.025406241416931152 0.11192037165164948
1 0.6738437414169312 0.24701404571533203 0.05409371852874756 0.07079625129699707
0 0.9932656288146973 0.23231849074363708 0.013468742370605469 0.10454331338405609
0 0.13861718773841858 0.30481263995170593 0.03004688024520874 0.1773536205291748
4 0.4984374940395355 0.5690866708755493 0.565625011920929 0.7166276574134827
0 0.06562499701976776 0.2576112449169159 0.02812499925494194 0.12177985906600952
