3 0.17293749749660492 0.42875000834465027 0.09096875786781311 0.17904168367385864
3 0.32124999165534973 0.41351044178009033 0.07487499713897705 0.09197917580604553
0 0.3075000047683716 0.4749583303928375 0.016968756914138794 0.06587499380111694
0 0.7711172103881836 0.5146250128746033 0.02829688787460327 0.1067500114440918
1 0.25678905844688416 0.43960416316986084 0.06254689395427704 0.029458343982696533
0 0.744070291519165 0.5261562466621399 0.026171863079071045 0.09518751502037048
0 0.8059531450271606 0.5146458148956299 0.03156250715255737 0.09562501311302185
0 0.720507800579071 0.5023124814033508 0.02304685115814209 0.09049996733665466
0 0.6731406450271606 0.5015833377838135 0.020124971866607666 0.08233332633972168
0 0.9836796522140503 0.5609896183013916 0.03264063596725464 0.1355208456516266
3 0.2362968772649765 0.41591668128967285 0.02409374713897705 0.047125011682510376
0 0.33986717462539673 0.45899999141693115 0.01720312237739563 0.05224999785423279
0 0.017601562663912773 0.49536457657814026 0.026921875774860382 0.07489579916000366
3 0.52734375 0.453125 0.2796875238418579 0.3229166567325592
0 0.686718761920929 0.5010416507720947 0.0234375 0.08541664481163025
9 0.8609374761581421 0.4947916567325592 0.025000035762786865 0.043749988079071045
0 0.9437500238418579 0.5562499761581421 0.046875 0.12916666269302368
