9 0.1550000011920929 0.5137500166893005 0.034999996423721313 0.052500009536743164
9 0.026250001043081284 0.49000000953674316 0.04749999940395355 0.054999977350234985
0 0.16749998927116394 0.6424999833106995 0.04999999701976776 0.12999999523162842
0 0.21000000834465027 0.6587499976158142 0.05499999225139618 0.1325000524520874
0 0.23749999701976776 0.6274999976158142 0.04999998211860657 0.12000000476837158
0 0.2749999761581421 0.6274999976158142 0.03999999165534973 0.10000002384185791
0 0.71875 0.5737500190734863 0.03750002384185791 0.09250003099441528
0 0.7437499761581421 0.5900000333786011 0.04249995946884155 0.10499995946884155
0 0.7925000190734863 0.5962499976158142 0.030000030994415283 0.08749997615814209
0 0.8087500333786011 0.71875 0.10250002145767212 0.2174999713897705
0 0.8737499713897705 0.7037500143051147 0.0625 0.1875
0 0.9350000023841858 0.7350000143051147 0.08000004291534424 0.2250000238418579
0 0.5512499809265137 0.5687500238418579 0.04250001907348633 0.07249999046325684
0 0.96875 0.6637499928474426 0.0625 0.17250001430511475
0 0.4312500059604645 0.5512499809265137 0.017499983310699463 0.05750000476837158
0 0.4087499976158142 0.5587499737739563 0.02249997854232788 0.05750000476837158
0 0.3837500214576721 0.5525000095367432 0.02250000834465027 0.04500001668930054
0 0.3112500011920929 0.5562499761581421 0.02249997854232788 0.05750000476837158
