5 0.6198593378067017 0.8185431361198425 0.3113749623298645 0.36291372776031494
1 0.3597031235694885 0.2956992983818054 0.04737502336502075 0.05317014455795288
1 0.3601640462875366 0.2591608464717865 0.025890618562698364 0.019114211201667786
5 0.724539041519165 0.26404428482055664 0.5422656536102295 0.5236130952835083
0 0.735601544380188 0.5248950719833374 0.08392184972763062 0.3805128037929535
0 0.10264062136411667 0.8282284736633301 0.20528124272823334 0.34247082471847534
0 0.08067968487739563 0.4904428720474243 0.07735937833786011 0.24843820929527283
0 0.19398437440395355 0.48073428869247437 0.0651562511920929 0.2646386921405792
0 0.30017969012260437 0.3691025376319885 0.052765607833862305 0.09783217310905457
5 0.4405859410762787 0.6904778480529785 0.09351563453674316 0.2547086477279663
5 0.2490547001361847 0.7618298530578613 0.14564062654972076 0.3954545259475708
5 0.43711718916893005 0.7419114112854004 0.056515634059906006 0.21948719024658203
5 0.5062812566757202 0.6149067878723145 0.1237812340259552 0.20151513814926147
5 0.37692970037460327 0.6806410551071167 0.08595314621925354 0.2617482542991638
1 0.3387500047683716 0.25923076272010803 0.016812503337860107 0.027039632201194763
1 0.5507890582084656 0.5136829614639282 0.333984375 0.4329603612422943
1 0.39332813024520874 0.2796270251274109 0.024156242609024048 0.048578113317489624
3 0.50390625 0.23892775177955627 0.01406252384185791 0.03496505320072174
5 0.10078124701976776 0.3496503531932831 0.03281249850988388 0.09790211915969849
5 0.10468749701976776 0.4009323716163635 0.02187500149011612 0.0559440553188324
5 0.12343750149011612 0.44871795177459717 0.02812500298023224 0.09090909361839294
5 0.03437500074505806 0.4592074751853943 0.04062499850988388 0.12121212482452393
10 0.22421875596046448 0.3776223659515381 0.14531250298023224 0.1678321659564972
0 0.2679687440395355 0.3636363744735718 0.020312488079071045 0.05128204822540283
0 0.21640625596046448 0.2890442907810211 0.0234375 0.0699300765991211
0 0.19765624403953552 0.2762237787246704 0.017187491059303284 0.048951029777526855
0 0.23281249403953552 0.279720276594162 0.009374991059303284 0.027972042560577393
0 0.24062499403953552 0.278554767370224 0.012500002980232239 0.03496503829956055
0 0.25078123807907104 0.2773892879486084 0.007812485098838806 0.03263404965400696
0 0.27265626192092896 0.25874125957489014 0.0078125 0.027972042560577393
4 0.4117187559604645 0.27389276027679443 0.020312488079071045 0.03030303120613098
4 0.40937501192092896 0.29603731632232666 0.018749982118606567 0.023310035467147827
0 0.4320312738418579 0.28671330213546753 0.017187505960464478 0.037296026945114136
