4 0.5629199743270874 0.7334933280944824 0.12807998061180115 0.3036800026893616
0 0.12364000082015991 0.6668000221252441 0.05087999254465103 0.23562663793563843
9 0.9271199703216553 0.7004266977310181 0.11320000886917114 0.22357338666915894
0 0.9332500100135803 0.6012933254241943 0.051020026206970215 0.09624004364013672
4 0.2538500130176544 0.7276666760444641 0.17273999750614166 0.21437335014343262
4 0.37323999404907227 0.6805466413497925 0.07047998905181885 0.11037331819534302
4 0.7744100093841553 0.7465066909790039 0.12838000059127808 0.33770662546157837
9 0.6807100176811218 0.6009600162506104 0.02685999870300293 0.07455998659133911
9 0.6167700290679932 0.6333199739456177 0.03402000665664673 0.04621332883834839
0 0.1856900006532669 0.6602799892425537 0.038540005683898926 0.14664000272750854
0 0.981160044670105 0.6048933267593384 0.037679970264434814 0.11816000938415527
9 0.4916499853134155 0.6410266757011414 0.025619983673095703 0.0475466251373291
9 0.6457899808883667 0.64437335729599 0.04202002286911011 0.06346666812896729
1 0.2891799807548523 0.67385333776474 0.06788000464439392 0.051599979400634766
9 0.629539966583252 0.6172933578491211 0.014360010623931885 0.03517335653305054
0 0.08100000023841858 0.6800000071525574 0.030000001192092896 0.1066666841506958
0 0.2120000123977661 0.6026666760444641 0.035999998450279236 0.03733336925506592
4 0.38199999928474426 0.6866666078567505 0.06400001049041748 0.08799999952316284
9 0.4390000104904175 0.6773333549499512 0.041999995708465576 0.12266665697097778
9 0.5889999866485596 0.6293333172798157 0.022000014781951904 0.04266667366027832
9 0.6640000343322754 0.6359999775886536 0.03200000524520874 0.0559999942779541
0 0.48100000619888306 0.6200000047683716 0.034000009298324585 0.08266663551330566
