4 0.4505099952220917 0.6492800116539001 0.4513400197029114 0.4586133062839508
5 0.6327599883079529 0.43109333515167236 0.06195998191833496 0.16010665893554688
0 0.9105200171470642 0.39127999544143677 0.02219998836517334 0.047946661710739136
5 0.29701000452041626 0.8407332897186279 0.5940200090408325 0.31853336095809937
5 0.6790000200271606 0.6706666946411133 0.19199997186660767 0.3333333134651184
5 0.7441999912261963 0.6501733064651489 0.102120041847229 0.2142133116722107
5 0.8526600003242493 0.6371999979019165 0.12360000610351562 0.28255999088287354
5 0.5783500075340271 0.8417866826057434 0.20245996117591858 0.29343998432159424
5 0.9053699970245361 0.5291066765785217 0.058300018310546875 0.1265866756439209
5 0.9030100107192993 0.5921733379364014 0.07065999507904053 0.15053331851959229
5 0.9484300017356873 0.47094666957855225 0.045619964599609375 0.03992000222206116
5 0.3082199990749359 0.7320399880409241 0.45396000146865845 0.30109333992004395
5 0.2555600106716156 0.6469999551773071 0.18512000143527985 0.17000001668930054
5 0.7107700109481812 0.5527199506759644 0.03762000799179077 0.07237333059310913
0 0.991569995880127 0.41439998149871826 0.016860008239746094 0.07978668808937073
