5 0.6857343912124634 0.6790918707847595 0.04562503099441528 0.14574790000915527
5 0.17220312356948853 0.8001388907432556 0.0833437442779541 0.19784188270568848
0 0.36152344942092896 0.7779914140701294 0.07223436236381531 0.23769229650497437
0 0.22700780630111694 0.6322436332702637 0.04389062523841858 0.246709406375885
0 0.7407031059265137 0.713205099105835 0.10175001621246338 0.3906410336494446
0 0.7929219007492065 0.6981303691864014 0.052874982357025146 0.3895512819290161
0 0.8321484327316284 0.7115277647972107 0.08051562309265137 0.3538675308227539
1 0.20609375834465027 0.5979593992233276 0.025312498211860657 0.10741448402404785
1 0.683273434638977 0.5528205037117004 0.03739058971405029 0.04243588447570801
0 0.38984376192092896 0.6987179517745972 0.13593748211860657 0.38034188747406006
0 0.4921875 0.7585470080375671 0.15625 0.29487180709838867
0 0.28515625 0.7094017267227173 0.09218750894069672 0.4188033938407898
0 0.09765625 0.5993589758872986 0.09843749552965164 0.2200855016708374
5 0.8921874761581421 0.5844017267227173 0.056250035762786865 0.14743590354919434
0 0.9375 0.5918803215026855 0.03437495231628418 0.14529913663864136
1 0.17343750596046448 0.5918803215026855 0.08437500894069672 0.10683757066726685
