9 0.1850000023841858 0.8662500381469727 0.14999999105930328 0.2475000023841858
9 0.41874998807907104 0.8700000047683716 0.11749997735023499 0.2549999952316284
9 0.5575000047683716 0.8637499809265137 0.14499998092651367 0.26249998807907104
9 0.6212500333786011 0.7074999809265137 0.05249994993209839 0.0899999737739563
9 0.5062500238418579 0.6962500214576721 0.05750003457069397 0.06749999523162842
9 0.7487499713897705 0.643750011920929 0.08250004053115845 0.1575000286102295
0 0.9112499952316284 0.6712499856948853 0.08249998092651367 0.16750001907348633
0 0.768750011920929 0.6187499761581421 0.03250002861022949 0.0975000262260437
0 0.8174999952316284 0.5962499976158142 0.034999966621398926 0.07749998569488525
9 0.2150000035762787 0.6887500286102295 0.06999999284744263 0.0975000262260437
9 0.41499999165534973 0.6762499809265137 0.06999999284744263 0.10250002145767212
9 0.6312500238418579 0.6462500095367432 0.04749995470046997 0.07249999046325684
9 0.5800000429153442 0.6299999952316284 0.04500001668930054 0.06499999761581421
9 0.2837499976158142 0.6499999761581421 0.06749999523162842 0.06999999284744263
9 0.09749999642372131 0.6425000429153442 0.08500000089406967 0.07499998807907104
9 0.16374999284744263 0.6487500071525574 0.05749998986721039 0.07749998569488525
9 0.6575000286102295 0.5649999976158142 0.020000040531158447 0.029999971389770508
0 0.7562500238418579 0.5587500333786011 0.012499988079071045 0.04249995946884155
