0 0.08500000089406967 0.5837500095367432 0.07999999821186066 0.10249996185302734
0 0.14000000059604645 0.5974999666213989 0.05000000447034836 0.10999995470046997
0 0.5337499976158142 0.668749988079071 0.047500014305114746 0.1625000238418579
0 0.026249999180436134 0.5712500214576721 0.042500000447034836 0.07249999046325684
0 0.5049999952316284 0.6074999570846558 0.04499998688697815 0.0899999737739563
0 0.5762500166893005 0.6599999666213989 0.04250001907348633 0.1600000262260437
0 0.75 0.6449999809265137 0.06500005722045898 0.16500002145767212
0 0.8149999976158142 0.6237499713897705 0.09000003337860107 0.1274999976158142
0 0.6212499737739563 0.6299999952316284 0.05750000476837158 0.1499999761581421
0 0.9399999976158142 0.7425000071525574 0.12000000476837158 0.25999999046325684
0 0.1912499964237213 0.5662499666213989 0.05249999463558197 0.08250004053115845
4 0.6649999618530273 0.5612499713897705 0.05500000715255737 0.0625
0 0.7362499833106995 0.5362499952316284 0.03750002384185791 0.047500014305114746
