0 0.06750000268220901 0.7862499952316284 0.13500000536441803 0.33249998092651367
0 0.1525000035762787 0.7287499904632568 0.0950000062584877 0.2524999976158142
0 0.33125001192092896 0.6899999976158142 0.07250002026557922 0.2250000238418579
0 0.4000000059604645 0.6337499618530273 0.050000011920928955 0.16749995946884155
0 0.42624998092651367 0.6000000238418579 0.03749999403953552 0.0899999737739563
0 0.4699999988079071 0.5900000333786011 0.04000002145767212 0.10999995470046997
0 0.4962499737739563 0.5837500095367432 0.027500003576278687 0.09749996662139893
0 0.5099999904632568 0.5674999952316284 0.02499997615814209 0.08000004291534424
0 0.8824999928474426 0.5637500286102295 0.02499997615814209 0.08250004053115845
0 0.9162499904632568 0.5662499666213989 0.022500038146972656 0.07750004529953003
2 0.625 0.5337499976158142 0.0700000524520874 0.08249998092651367
10 0.6924999952316284 0.5149999856948853 0.034999966621398926 0.04500001668930054
