1 0.9467656016349792 0.8846993446350098 0.0690000057220459 0.0796881914138794
1 0.9860858917236328 0.8592984676361084 0.02510935068130493 0.028663694858551025
3 0.672656238079071 0.8273942470550537 0.41093751788139343 0.28285080194473267
0 0.3859609365463257 0.8921937942504883 0.01582813262939453 0.06425386667251587
0 0.3044687509536743 0.8886079788208008 0.01340627670288086 0.07440978288650513
0 0.3689296841621399 0.8894543647766113 0.019515633583068848 0.06951004266738892
0 0.907882809638977 0.8479064702987671 0.006796836853027344 0.014298439025878906
1 0.9842031002044678 0.8814253807067871 0.029062509536743164 0.05621379613876343
1 0.957351565361023 0.8401670455932617 0.014609336853027344 0.016325175762176514
0 0.35103124380111694 0.8870489597320557 0.019562482833862305 0.06857460737228394
1 0.97265625 0.8418708443641663 0.01718747615814209 0.017817378044128418
