1 0.34236717224121094 0.8153749704360962 0.09035935997962952 0.10145837068557739
1 0.49318748712539673 0.7817395925521851 0.0247499942779541 0.025520801544189453
1 0.5313671827316284 0.7951353788375854 0.03995311260223389 0.03943747282028198
3 0.6004765629768372 0.7738646268844604 0.0641406774520874 0.10689586400985718
0 0.9099296927452087 0.8201562166213989 0.04017186164855957 0.1510208249092102
0 0.9837968349456787 0.8655833005905151 0.0324062705039978 0.11608332395553589
0 0.8268125057220459 0.8223229050636292 0.029406249523162842 0.13827085494995117
0 0.6723046898841858 0.8181666731834412 0.022546887397766113 0.11429166793823242
0 0.7850703001022339 0.7680521011352539 0.020328104496002197 0.04131251573562622
1 0.5142968893051147 0.78166663646698 0.019156277179718018 0.023750007152557373
1 0.38924217224121094 0.8022291660308838 0.029796868562698364 0.05516672134399414
1 0.4707109332084656 0.792354166507721 0.022203117609024048 0.03208339214324951
1 0.5531327724456787 0.7908229231834412 0.02398437261581421 0.034395813941955566
1 0.40525001287460327 0.7951041460037231 0.010843753814697266 0.021375000476837158
3 0.5622968673706055 0.7825521230697632 0.012187480926513672 0.019645869731903076
0 0.862500011920929 0.8666666746139526 0.06875002384185791 0.24166667461395264
