0 0.3363046944141388 0.6387089490890503 0.21498437225818634 0.6795623898506165
0 0.26842188835144043 0.39482495188713074 0.057406261563301086 0.11590808629989624
0 0.7783594131469727 0.5315316915512085 0.09740620851516724 0.3301531672477722
0 0.19391405582427979 0.4551750421524048 0.16651563346385956 0.340678334236145
10 0.8801875114440918 0.4418489933013916 0.20528125762939453 0.2021225392818451
0 0.44844532012939453 0.3968271315097809 0.04132813215255737 0.16853392124176025
0 0.07333593815565109 0.4538730978965759 0.10539062321186066 0.43540480732917786
0 0.42259377241134644 0.4897812008857727 0.06415626406669617 0.2784682810306549
4 0.8560937643051147 0.7329868674278259 0.2625312805175781 0.39494526386260986
0 0.2940312623977661 0.36305251717567444 0.04009374976158142 0.0891684889793396
0 0.49609375 0.5098468065261841 0.1421874761581421 0.39387306571006775
0 0.6734374761581421 0.5273522734642029 0.17812496423721313 0.33260390162467957
0 0.608593761920929 0.5164113640785217 0.07968747615814209 0.28446388244628906
0 0.27421873807907104 0.2986871004104614 0.05781249701976776 0.07658642530441284
0 0.15234375 0.6772428750991821 0.27031248807907104 0.6105033159255981
