3 0.0835546925663948 0.5893388986587524 0.16414062678813934 0.1781490445137024
0 0.6149921417236328 0.6475000381469727 0.039640605449676514 0.11509615182876587
9 0.5833984613418579 0.6364302635192871 0.021859347820281982 0.04574519395828247
0 0.6566406488418579 0.614963948726654 0.005124986171722412 0.028629779815673828
0 0.9015390872955322 0.6464663743972778 0.01760941743850708 0.10581725835800171
0 0.9215624928474426 0.645805299282074 0.026281237602233887 0.09588944911956787
9 0.5650078058242798 0.6359134912490845 0.015546917915344238 0.03942304849624634
9 0.5498983860015869 0.6374519467353821 0.015953123569488525 0.035288453102111816
0 0.4061015546321869 0.6213341355323792 0.005984365940093994 0.03632211685180664
5 0.8822968602180481 0.6670553088188171 0.02278125286102295 0.060793280601501465
1 0.061140626668930054 0.8014904260635376 0.12228125333786011 0.3970192074775696
4 0.715624988079071 0.6274038553237915 0.015625 0.052884578704833984
4 0.7289062738418579 0.629807710647583 0.014062464237213135 0.04807692766189575
4 0.737500011920929 0.631009578704834 0.015625 0.050480782985687256
4 0.750781238079071 0.629807710647583 0.01406252384185791 0.05288463830947876
