0 0.29750001430511475 0.7174999713897705 0.07500001788139343 0.2399999499320984
0 0.19499999284744263 0.5874999761581421 0.04500000178813934 0.11500000953674316
0 0.03999999910593033 0.5837500095367432 0.07999999821186066 0.11250001192092896
8 0.10249999910593033 0.5924999713897705 0.04999999701976776 0.10999995470046997
0 0.1537500023841858 0.5625 0.042500004172325134 0.08500003814697266
3 0.04500000178813934 0.5012499690055847 0.06000000238418579 0.04749998450279236
0 0.3362500071525574 0.5475000143051147 0.01750001311302185 0.05500000715255737
0 0.4375 0.5375000238418579 0.029999971389770508 0.06499999761581421
5 0.6187499761581421 0.5525000095367432 0.04249995946884155 0.06999999284744263
1 0.9012500047683716 0.5349999666213989 0.06749999523162842 0.0350000262260437
1 0.9824999570846558 0.5199999809265137 0.0350000262260437 0.025000035762786865
