2 0.7662500143051147 0.5824999809265137 0.10750001668930054 0.11500000953674316
0 0.5562499761581421 0.5537500381469727 0.037499964237213135 0.04249995946884155
0 0.22499999403953552 0.6449999809265137 0.0950000137090683 0.14499998092651367
2 0.41875001788139343 0.8999999761581421 0.737500011920929 0.19499999284744263
8 0.11750000715255737 0.6775000095367432 0.0650000050663948 0.1549999713897705
8 0.051249999552965164 0.7074999809265137 0.057499997317790985 0.14499998092651367
8 0.07874999940395355 0.6662499904632568 0.042500000447034836 0.15250003337860107
0 0.1525000035762787 0.5525000095367432 0.030000001192092896 0.06499999761581421
0 0.22999998927116394 0.5449999570846558 0.019999995827674866 0.04500001668930054
0 0.4037500023841858 0.5449999570846558 0.017499983310699463 0.04500001668930054
0 0.29750001430511475 0.5499999523162842 0.015000015497207642 0.05500000715255737
