1 0.9072577953338623 0.5993911027908325 0.18548434972763062 0.1469789743423462
0 0.14003124833106995 0.5114168524742126 0.01912499964237213 0.08096015453338623
0 0.11511719226837158 0.5114402770996094 0.020390629768371582 0.07599532604217529
0 0.13075780868530273 0.5087587833404541 0.02042187750339508 0.08257612586021423
0 0.5264452695846558 0.5092154741287231 0.016390621662139893 0.052903950214385986
0 0.5411875247955322 0.5224121809005737 0.014125049114227295 0.06135833263397217
0 0.0949687510728836 0.5128102898597717 0.011468753218650818 0.07466042041778564
0 0.22404688596725464 0.506147563457489 0.01531250774860382 0.055761128664016724
1 0.02643749862909317 0.5048946142196655 0.050468750298023224 0.04332554340362549
5 0.41328126192092896 0.6100702881813049 0.18281248211860657 0.3629976809024811
5 0.26171875 0.5316159129142761 0.048437491059303284 0.11241218447685242
0 0.32343751192092896 0.5023419260978699 0.015625 0.04449644684791565
