4 0.3296484351158142 0.712609589099884 0.353203147649765 0.337077260017395
4 0.40937501192092896 0.6705323457717896 0.26621878147125244 0.2102922797203064
4 0.42439061403274536 0.5633403062820435 0.07837501168251038 0.12697285413742065
4 0.5430625081062317 0.5376095771789551 0.09468749165534973 0.11292275786399841
4 0.501828134059906 0.593622088432312 0.17868748307228088 0.1623590588569641
0 0.4669843912124634 0.5089665651321411 0.08203127980232239 0.15643006563186646
0 0.5499765872955322 0.4670981168746948 0.029234349727630615 0.046597063541412354
0 0.6050468683242798 0.5275052189826965 0.07393753528594971 0.23221293091773987
4 0.20618748664855957 0.5125887393951416 0.13909374177455902 0.16237998008728027
0 0.44138282537460327 0.4641440510749817 0.010703116655349731 0.028455138206481934
0 0.26933592557907104 0.5082463622093201 0.021046876907348633 0.09156575798988342
0 0.653124988079071 0.4906054139137268 0.015625 0.0709812343120575
