0 0.2561718821525574 0.7072916626930237 0.055906251072883606 0.2458134889602661
0 0.3145703077316284 0.6518651247024536 0.05282813310623169 0.217817485332489
0 0.27494531869888306 0.5770733952522278 0.02185937762260437 0.0697023868560791
1 0.8268046975135803 0.5868849754333496 0.12067186832427979 0.06436508893966675
1 0.6649922132492065 0.5710119009017944 0.037171900272369385 0.027539730072021484
1 0.501703143119812 0.6362500190734863 0.12437501549720764 0.11793649196624756
1 0.4445781111717224 0.5930952429771423 0.061499983072280884 0.07396829128265381
1 0.45930469036102295 0.551240086555481 0.024046897888183594 0.022122979164123535
1 0.5961641073226929 0.5846229791641235 0.048109352588653564 0.0419047474861145
1 0.5253750085830688 0.5724702477455139 0.04978126287460327 0.03751981258392334
1 0.8730546832084656 0.7160515785217285 0.24889063835144043 0.232103168964386
1 0.7172577977180481 0.6438392400741577 0.16032814979553223 0.13704365491867065
1 0.4929765462875366 0.5670138597488403 0.02948436141014099 0.023670613765716553
1 0.6426640748977661 0.573888897895813 0.046546876430511475 0.04940474033355713
1 0.5620781183242798 0.5745933055877686 0.03390622138977051 0.03275793790817261
0 0.11561718583106995 0.7207242250442505 0.07560937851667404 0.3162500262260437
0 0.3648437559604645 0.6507936716079712 0.07343751192092896 0.194444477558136
0 0.17031249403953552 0.7410714626312256 0.16874998807907104 0.4503968358039856
0 0.06718750298023224 0.733134925365448 0.13437500596046448 0.5297619104385376
