1 0.277679979801178 0.5525795221328735 0.08691999316215515 0.11434629559516907
1 0.3715299963951111 0.5229681730270386 0.06749999523162842 0.08480566740036011
1 0.42260998487472534 0.5222261548042297 0.042419999837875366 0.0643109381198883
4 0.028999999165534973 0.6890459060668945 0.057999998331069946 0.4310954213142395
4 0.1290000081062317 0.7243816256523132 0.21800000965595245 0.5441696643829346
4 0.6480000019073486 0.7579505443572998 0.20799994468688965 0.46289753913879395
4 0.06800000369548798 0.5300353765487671 0.03999999910593033 0.08480566740036011
4 0.2070000022649765 0.5247349739074707 0.030000001192092896 0.08127209544181824
4 0.4480000138282776 0.5388692617416382 0.02000001072883606 0.06713783740997314
4 0.4779999852180481 0.5918728113174438 0.04399999976158142 0.1731448769569397
4 0.5499999523162842 0.6077739000320435 0.04000002145767212 0.148409903049469
4 0.5219999551773071 0.5671378374099731 0.03200000524520874 0.13780918717384338
