0 0.13625000417232513 0.8374999761581421 0.16249999403953552 0.3199999928474426
0 0.581250011920929 0.7325000166893005 0.08749997615814209 0.25
0 0.32749998569488525 0.6912499666213989 0.054999977350234985 0.17249995470046997
0 0.53125 0.6875 0.05750000476837158 0.1950000524520874
0 0.36124998331069946 0.6462500095367432 0.04749998450279236 0.14249998331069946
0 0.6487500071525574 0.6074999570846558 0.03250002861022949 0.0899999737739563
0 0.7037500143051147 0.7862499952316284 0.0975000262260437 0.30250000953674316
0 0.9337500333786011 0.8687499761581421 0.1274999976158142 0.2574999928474426
0 0.8737499713897705 0.8224999904632568 0.12250000238418579 0.28999996185302734
0 0.8250000476837158 0.7549999952316284 0.07999998331069946 0.25999999046325684
0 0.7450000047683716 0.6837500333786011 0.06999999284744263 0.1774999499320984
0 0.24000000953674316 0.6537500023841858 0.05500000715255737 0.15250003337860107
0 0.023750001564621925 0.6712499856948853 0.042500000447034836 0.14249998331069946
0 0.11124999821186066 0.6324999928474426 0.05250000208616257 0.11000001430511475
0 0.18250000476837158 0.6487500071525574 0.04999999701976776 0.14250004291534424
0 0.6037499904632568 0.5737500190734863 0.027500033378601074 0.06749999523162842
0 0.6787500381469727 0.581250011920929 0.02249997854232788 0.0625
0 0.8300000429153442 0.6375000476837158 0.06499999761581421 0.08499997854232788
9 0.9774999618530273 0.6499999761581421 0.04500001668930054 0.06499999761581421
9 0.9462499618530273 0.6337500214576721 0.04249995946884155 0.052500009536743164
