1 0.03985937312245369 0.4571945071220398 0.03278125077486038 0.04710721969604492
3 0.745046854019165 0.41911470890045166 0.08925002813339233 0.10102245211601257
10 0.8734687566757202 0.4893141984939575 0.11156249046325684 0.13408979773521423
10 0.7953671813011169 0.4712219536304474 0.08535933494567871 0.11990028619766235
0 0.47877344489097595 0.5054613351821899 0.06064063310623169 0.22134661674499512
0 0.6395703554153442 0.5122319459915161 0.07004684209823608 0.22281795740127563
0 0.5965859889984131 0.49861598014831543 0.04501563310623169 0.20745638012886047
0 0.1517343819141388 0.484289288520813 0.03334374725818634 0.11610972881317139
0 0.12021093815565109 0.4725436568260193 0.02507813274860382 0.10174563527107239
0 0.6713281273841858 0.5011596083641052 0.03165626525878906 0.19877806305885315
0 0.5183749794960022 0.5013715624809265 0.06312498450279236 0.19451367855072021
0 0.9413281679153442 0.45795512199401855 0.017437517642974854 0.0777057409286499
1 0.3051171898841858 0.43311721086502075 0.030109375715255737 0.01950126886367798
1 0.2920468747615814 0.45456358790397644 0.08409374952316284 0.04129678010940552
10 0.551281213760376 0.4723815321922302 0.0613437294960022 0.0939401388168335
1 0.389773428440094 0.48997506499290466 0.1490468680858612 0.15172070264816284
10 0.7022343873977661 0.45197007060050964 0.04928123950958252 0.07531172037124634
10 0.2669140696525574 0.42798006534576416 0.05367186665534973 0.023042410612106323
1 0.009226562455296516 0.46265584230422974 0.017671875655651093 0.044812947511672974
1 0.625 0.46633416414260864 0.078125 0.08478805422782898
0 0.921875 0.47630923986434937 0.02187502384185791 0.10473814606666565
10 0.11562500149011612 0.45012468099594116 0.12187500298023224 0.06733167171478271
1 0.22109374403953552 0.4600997567176819 0.1171875 0.05735659599304199
1 0.0390625 0.4301745593547821 0.03750000149011612 0.017456352710723877
