5 0.5190104246139526 0.7695000171661377 0.033479154109954834 0.06749999523162842
1 0.9345208406448364 0.7689843773841858 0.13095831871032715 0.1129688024520874
0 0.21783332526683807 0.7834999561309814 0.07458332180976868 0.129031240940094
0 0.257645845413208 0.7801094055175781 0.04083332419395447 0.12028127908706665
0 0.5348020792007446 0.7319062352180481 0.02860414981842041 0.055374979972839355
9 0.3343124985694885 0.7776484489440918 0.03470832109451294 0.08554685115814209
0 0.8263646364212036 0.7422499656677246 0.04227083921432495 0.08343750238418579
9 0.4763854146003723 0.7560077905654907 0.02839583158493042 0.045828163623809814
6 0.5733437538146973 0.7586562633514404 0.018062472343444824 0.04400002956390381
5 0.5302083492279053 0.7789062261581421 0.06041663885116577 0.0390625
0 0.5947916507720947 0.753125011920929 0.03541666269302368 0.06875002384185791
0 0.5104166269302368 0.7312500476837158 0.037499964237213135 0.043749988079071045
0 0.7833333015441895 0.7468750476837158 0.037499964237213135 0.08125001192092896
0 0.7562500238418579 0.765625 0.0625 0.08749997615814209
