0 0.07999999821186066 0.6237499713897705 0.04999999701976776 0.13249999284744263
0 0.6987500190734863 0.737500011920929 0.11250001192092896 0.25
4 0.6112500429153442 0.6087499856948853 0.1274999976158142 0.09249997138977051
2 0.8987500071525574 0.5425000190734863 0.19749999046325684 0.07999998331069946
1 0.71875 0.5362499952316284 0.12249994277954102 0.04250001907348633
1 0.4699999988079071 0.5299999713897705 0.06999999284744263 0.0350000262260437
0 0.5475000143051147 0.5275000333786011 0.0350000262260437 0.06000000238418579
0 0.30000001192092896 0.5562499761581421 0.06000000238418579 0.08250004053115845
0 0.24500000476837158 0.5662499666213989 0.0299999862909317 0.07250005006790161
0 0.17500001192092896 0.5449999570846558 0.019999995827674866 0.06999999284744263
0 0.21000000834465027 0.5299999713897705 0.015000000596046448 0.050000011920928955
