0 0.09875000268220901 0.7887499928474426 0.10250000655651093 0.3125
0 0.9162499904632568 0.7987500429153442 0.1625000238418579 0.3774999976158142
0 0.7287499904632568 0.6449999809265137 0.06749999523162842 0.13999998569488525
0 0.6712499856948853 0.5900000333786011 0.03250002861022949 0.09499996900558472
0 0.5987499952316284 0.5962499976158142 0.03250002861022949 0.09749996662139893
0 0.41624999046325684 0.6187499761581421 0.08250001072883606 0.1274999976158142
0 0.22999998927116394 0.5800000429153442 0.019999995827674866 0.06499999761581421
10 0.21125000715255737 0.543749988079071 0.08249999582767487 0.09249997138977051
0 0.7862499952316284 0.5412499904632568 0.022500038146972656 0.05750000476837158
0 0.737500011920929 0.5499999523162842 0.029999971389770508 0.06000000238418579
0 0.8100000023841858 0.5425000190734863 0.014999985694885254 0.04500001668930054
