1 0.4314218759536743 0.6005213856697083 0.06050002574920654 0.10435831546783447
2 0.2636328339576721 0.6005481481552124 0.08976563811302185 0.12157756090164185
1 0.3870468735694885 0.5975534915924072 0.04993748664855957 0.07751339673995972
1 0.5235781073570251 0.6364037394523621 0.09828123450279236 0.14264702796936035
0 0.7777890563011169 0.6331283450126648 0.023390650749206543 0.16844916343688965
0 0.8474140763282776 0.5890775322914124 0.022578120231628418 0.0957486629486084
2 0.30335938930511475 0.5797460079193115 0.03515625 0.08237969875335693
1 0.47648438811302185 0.589826226234436 0.04231250286102295 0.0759090781211853
10 0.3431015610694885 0.5611230134963989 0.0657968521118164 0.11165773868560791
10 0.11910156160593033 0.5682486295700073 0.22673438489437103 0.3966042697429657
2 0.2045625001192093 0.5680748820304871 0.05181249976158142 0.07176470756530762
0 0.6687500476837158 0.5895721912384033 0.034375011920928955 0.10962569713592529
0 0.26640626788139343 0.5267379879951477 0.526562511920929 0.9358288645744324
