0 0.3852989077568054 0.5296800136566162 0.10391303896903992 0.1979600191116333
2 0.2928532660007477 0.48694998025894165 0.1791304349899292 0.1339399814605713
2 0.04283967241644859 0.4491000175476074 0.08388587087392807 0.06939998269081116
0 0.6066848039627075 0.5993499755859375 0.22201088070869446 0.46101996302604675
1 0.006046195514500141 0.4585599899291992 0.012092391029000282 0.055720001459121704
0 0.5232201218605042 0.49869000911712646 0.03736412525177002 0.08042001724243164
0 0.535394012928009 0.4369400143623352 0.01122283935546875 0.015199989080429077
1 0.532608687877655 0.42799997329711914 0.027173876762390137 0.01600000262260437
0 0.17119565606117249 0.4320000112056732 0.016304343938827515 0.03200000524520874
3 0.31385868787765503 0.4050000011920929 0.0679347813129425 0.022000014781951904
