1 0.8445702791213989 0.22989436984062195 0.04048436880111694 0.10861504077911377
0 0.6020547151565552 0.5022417902946472 0.2348281443119049 0.9235915541648865
0 0.8884999752044678 0.34494131803512573 0.06581252813339233 0.3932628929615021
0 0.8252812623977661 0.2540140748023987 0.03228127956390381 0.17328637838363647
0 0.9510390758514404 0.34401410818099976 0.07107812166213989 0.4142723083496094
0 0.9849921464920044 0.20741784572601318 0.030015647411346436 0.11840374767780304
0 0.8079531192779541 0.3172300457954407 0.0872499942779541 0.34136152267456055
0 0.667312502861023 0.18860328197479248 0.014156222343444824 0.05913145840167999
0 0.20468750596046448 0.31103286147117615 0.10625000298023224 0.34507042169570923
7 0.30781251192092896 0.5152581930160522 0.19374999403953552 0.8051643371582031
0 0.762499988079071 0.3814553916454315 0.1499999761581421 0.4953051209449768
0 0.6804687976837158 0.30399060249328613 0.051562488079071045 0.251173734664917
