0 0.48067915439605713 0.9416874647140503 0.035035133361816406 0.06762498617172241
0 0.44183841347694397 0.9446874856948853 0.03524589538574219 0.06124997138977051
0 0.419168621301651 0.9401718378067017 0.027189671993255615 0.06871873140335083
0 0.5627166032791138 0.923101544380188 0.014285743236541748 0.016453146934509277
0 0.023231850937008858 0.962570309638977 0.046463701874017715 0.0748593807220459
10 0.0499531626701355 0.9253672361373901 0.08304449915885925 0.03914064168930054
1 0.18886417150497437 0.9409297108650208 0.16110070049762726 0.0787656307220459
1 0.624543309211731 0.9273437261581421 0.14524590969085693 0.026562511920928955
2 0.9381381273269653 0.9539609551429749 0.1225995421409607 0.06857812404632568
0 0.468278706073761 0.9245625138282776 0.01252928376197815 0.018843770027160645
0 0.5070257782936096 0.9273437261581421 0.016393452882766724 0.029687464237213135
