3 0.3648958206176758 0.6430859565734863 0.4074583053588867 0.3174218535423279
6 0.4312187433242798 0.7900390625 0.18960416316986084 0.4176405668258667
0 0.12198958545923233 0.6794999837875366 0.24397917091846466 0.6410000324249268
0 0.5938645601272583 0.6825078129768372 0.08014583587646484 0.07048439979553223
9 0.6530520915985107 0.7387968897819519 0.055020809173583984 0.15840625762939453
0 0.7201666831970215 0.7499218583106995 0.12812501192092896 0.29365622997283936
0 0.8988749980926514 0.7668594121932983 0.13183331489562988 0.2516874670982361
0 0.32763540744781494 0.7352109551429749 0.15943750739097595 0.3795781135559082
0 0.5574374794960022 0.6767578125 0.03379166126251221 0.039671897888183594
6 0.5452083349227905 0.8374296426773071 0.2397083342075348 0.31910938024520874
0 0.8425520658493042 0.6997890472412109 0.033229172229766846 0.08895313739776611
1 0.8739583492279053 0.7562500238418579 0.24791663885116577 0.125
0 0.5020833015441895 0.7046874761581421 0.08333331346511841 0.07499998807907104
