1 0.044648438692092896 0.699552059173584 0.058234378695487976 0.08510416746139526
3 0.4727499783039093 0.5323854088783264 0.5511249899864197 0.7689374685287476
0 0.20741406083106995 0.684333324432373 0.021828114986419678 0.11262500286102295
0 0.17777344584465027 0.6902187466621399 0.022859379649162292 0.10656249523162842
0 0.8217500448226929 0.6863645315170288 0.019593775272369385 0.05560415983200073
0 0.7687578201293945 0.694697916507721 0.015484333038330078 0.08131253719329834
0 0.8974844217300415 0.692187488079071 0.013125002384185791 0.07083332538604736
0 0.918695330619812 0.6896979212760925 0.013203144073486328 0.05539584159851074
0 0.9604452848434448 0.694656252861023 0.01376563310623169 0.06435418128967285
0 0.22589844465255737 0.6689270734786987 0.012078121304512024 0.051145851612091064
0 0.11000780761241913 0.6521979570388794 0.014734379947185516 0.044104158878326416
0 0.16548436880111694 0.6581145524978638 0.015156254172325134 0.05027085542678833
0 0.8332343697547913 0.702343761920929 0.02043747901916504 0.06856250762939453
0 0.12776562571525574 0.6571874618530273 0.014312505722045898 0.048500001430511475
0 0.14409375190734863 0.6548541784286499 0.011468753218650818 0.04445832967758179
0 0.9810546636581421 0.6879895925521851 0.022203147411346436 0.09952080249786377
1 0.07297655940055847 0.6696249842643738 0.06689062714576721 0.0494999885559082
2 0.011093749664723873 0.694812536239624 0.022187499329447746 0.12716668844223022
10 0.02196093648672104 0.6073333024978638 0.04307812452316284 0.08324998617172241
0 0.7585937976837158 0.699999988079071 0.020312488079071045 0.07916665077209473
0 0.9281250238418579 0.6885416507720947 0.009375035762786865 0.05624997615814209
0 0.19218750298023224 0.690625011920929 0.015625 0.10208332538604736
0 0.21562500298023224 0.6625000238418579 0.015625 0.07083332538604736
