1 0.39638280868530273 0.7031353712081909 0.03154689073562622 0.05910414457321167
0 0.9549374580383301 0.7853541374206543 0.055656254291534424 0.20520836114883423
0 0.9029375314712524 0.7635833024978638 0.06871873140335083 0.21554166078567505
0 0.8177734613418579 0.7582812309265137 0.040234386920928955 0.16889584064483643
0 0.7608281373977661 0.6920000314712524 0.02568751573562622 0.047958314418792725
0 0.7367734313011169 0.7135416865348816 0.030109405517578125 0.07979166507720947
0 0.4519765377044678 0.7962396144866943 0.08101561665534973 0.24706250429153442
1 0.35084372758865356 0.6978332996368408 0.02565625309944153 0.051624953746795654
0 0.7815468311309814 0.7818853855133057 0.04656249284744263 0.17656248807907104
0 0.2098671793937683 0.7038542032241821 0.03557811677455902 0.0652499794960022
0 0.9879218339920044 0.7696666717529297 0.024156272411346436 0.20000004768371582
1 0.08293750137090683 0.8505833148956299 0.16587500274181366 0.2705833315849304
3 0.5839062929153442 0.6682083606719971 0.08665627241134644 0.054500043392181396
0 0.414312481880188 0.7095104455947876 0.03812500834465027 0.14572912454605103
0 0.860156238079071 0.7677083015441895 0.07968747615814209 0.22708338499069214
3 0.48046875 0.6416666507720947 0.1328125 0.08749997615814209
0 0.604687511920929 0.7104166746139526 0.03750002384185791 0.08749997615814209
0 0.17890624701976776 0.8656250238418579 0.2984375059604645 0.26875001192092896
0 0.28203123807907104 0.7593749761581421 0.09218749403953552 0.1979166865348816
