1 0.24709999561309814 0.3755855858325958 0.4941999912261963 0.2965765595436096
1 0.4290599822998047 0.2828228175640106 0.1499999761581421 0.09423422813415527
1 0.9790799617767334 0.26698198914527893 0.04184001684188843 0.1458558589220047
1 0.9455500245094299 0.2383933961391449 0.07969999313354492 0.10669668018817902
0 0.5509999990463257 0.5770420432090759 0.18167999386787415 0.5678378343582153
0 0.8717299699783325 0.2588889002799988 0.027219951152801514 0.14942941069602966
0 0.8047499656677246 0.24151650071144104 0.04262000322341919 0.16579578816890717
0 0.46959999203681946 0.19741740822792053 0.024280011653900146 0.0854053944349289
0 0.8150399923324585 0.5065014958381653 0.12040001153945923 0.3263964354991913
0 0.8949800133705139 0.24483484029769897 0.03004002571105957 0.13699699938297272
0 0.49935001134872437 0.19723723828792572 0.02890002727508545 0.08540540933609009
1 0.7669700384140015 0.20765766501426697 0.050579965114593506 0.07921920716762543
0 0.14800000190734863 0.6175825595855713 0.20943999290466309 0.45456454157829285
1 0.7250000238418579 0.19402402639389038 0.03248000144958496 0.058918923139572144
1 0.9538400173187256 0.1690990924835205 0.09200000762939453 0.05129130184650421
10 0.8346899747848511 0.12882882356643677 0.06862002611160278 0.11897896975278854
