1 0.09348437190055847 0.30073943734169006 0.1809999942779541 0.15730047225952148
10 0.9103906154632568 0.18524648249149323 0.17909371852874756 0.36546948552131653
0 0.9544140100479126 0.6388967037200928 0.09104686975479126 0.6771361827850342
0 0.3355703055858612 0.37064555287361145 0.1490781307220459 0.5042957663536072
0 0.3748281002044678 0.2424647957086563 0.013937503099441528 0.08539906144142151
0 0.19803905487060547 0.23408451676368713 0.027171865105628967 0.09474177658557892
0 0.09542188048362732 0.21451878547668457 0.014531247317790985 0.036690130829811096
1 0.796078085899353 0.257453054189682 0.09299999475479126 0.09894366562366486
1 0.40809375047683716 0.22676056623458862 0.053218722343444824 0.03971831500530243
0 0.6265624761581421 0.5035211443901062 0.27812498807907104 0.8755868673324585
1 0.2789062559604645 0.2453051656484604 0.051562488079071045 0.07276996970176697
0 0.2671875059604645 0.25704225897789 0.018750011920928955 0.11032862961292267
