0 0.6725000143051147 0.731249988079071 0.0899999737739563 0.3125
0 0.7587500214576721 0.7100000381469727 0.07249999046325684 0.27500003576278687
3 0.9012500047683716 0.5550000071525574 0.19249999523162842 0.17499998211860657
1 0.7237499952316284 0.5462499856948853 0.06749999523162842 0.052500009536743164
1 0.6012499928474426 0.5475000143051147 0.08749997615814209 0.050000011920928955
0 0.13750000298023224 0.581250011920929 0.025000005960464478 0.052500009536743164
0 0.17125000059604645 0.5662499666213989 0.027500003576278687 0.07250005006790161
7 0.2162500023841858 0.5750000476837158 0.03749999403953552 0.07999998331069946
0 0.3687500059604645 0.5425000190734863 0.017499983310699463 0.05500000715255737
1 0.5225000381469727 0.5299999713897705 0.05500000715255737 0.0350000262260437
1 0.46875 0.5237500071525574 0.03250002861022949 0.022500038146972656
