0 0.2512499988079071 0.6625000238418579 0.06749999523162842 0.19999998807907104
0 0.29750001430511475 0.6075000166893005 0.03999999165534973 0.13999998569488525
0 0.33375000953674316 0.59375 0.04249998927116394 0.11249995231628418
0 0.4637500047683716 0.6112500429153442 0.05750000476837158 0.13249999284744263
0 0.4375 0.5974999666213989 0.0350000262260437 0.11499994993209839
0 0.5087499618530273 0.5337499976158142 0.02249997854232788 0.047500014305114746
0 0.5487500429153442 0.5575000047683716 0.0274999737739563 0.06499999761581421
0 0.6949999928474426 0.5874999761581421 0.039999961853027344 0.11500000953674316
0 0.6537500023841858 0.5674999952316284 0.03250002861022949 0.08500003814697266
0 0.3974999785423279 0.5699999928474426 0.030000001192092896 0.08000004291534424
0 0.20250000059604645 0.6287499666213989 0.050000011920928955 0.16749995946884155
0 0.6237499713897705 0.5337499976158142 0.0274999737739563 0.06749999523162842
