1 0.36692968010902405 0.9391452074050903 0.033421874046325684 0.05412179231643677
1 0.08991406857967377 0.9245433211326599 0.03267187625169754 0.04112410545349121
4 0.219789057970047 0.94710773229599 0.07029686868190765 0.10578453540802002
4 0.6119608879089355 0.9533489346504211 0.07867187261581421 0.09330213069915771
0 0.9779687523841858 0.9428805708885193 0.04406249523162842 0.11311471462249756
0 0.052031248807907104 0.9421896934509277 0.0650937557220459 0.11562061309814453
0 0.38782811164855957 0.9358431100845337 0.01934376358985901 0.0830678939819336
1 0.14940625429153442 0.9107494354248047 0.013468757271766663 0.022716641426086426
1 0.12273437529802322 0.9161475896835327 0.027593746781349182 0.05360656976699829
4 0.26093751192092896 0.9332552552223206 0.04999998211860657 0.12880563735961914
4 0.3218749761581421 0.9414520263671875 0.08437499403953552 0.10772830247879028
1 0.02812499925494194 0.932084321975708 0.05312500149011612 0.042154550552368164
0 0.18359375 0.9297423958778381 0.020312488079071045 0.051522254943847656
1 0.16874998807907104 0.9180327653884888 0.01874999701976776 0.03747075796127319
1 0.15937499701976776 0.9168618321418762 0.009375005960464478 0.030444979667663574
5 0.36015623807907104 0.9391100406646729 0.0390625 0.0936768651008606
4 0.6851562261581421 0.9402810335159302 0.042187511920928955 0.08196723461151123
4 0.7164062261581421 0.9426229000091553 0.060937464237213135 0.0960187315940857
0 0.18984374403953552 0.9508196711540222 0.032812491059303284 0.08899295330047607
4 0.8070312738418579 0.9414520263671875 0.057812511920928955 0.08899301290512085
4 0.860156238079071 0.9402810335159302 0.04531252384185791 0.08665108680725098
4 0.8835937976837158 0.9414519667625427 0.057812511920928955 0.09367680549621582
0 0.7914062738418579 0.9168617725372314 0.020312488079071045 0.04918032884597778
4 0.9210937023162842 0.9461358189582825 0.042187511920928955 0.08899295330047607
0 0.96875 0.9192037582397461 0.00937497615814209 0.016393423080444336
4 0.948437511920929 0.9426229596138 0.03125 0.08196723461151123
