2 0.41874998807907104 0.5062500238418579 0.08750000596046448 0.0675000250339508
5 0.48374998569488525 0.512499988079071 0.032499998807907104 0.029999971389770508
0 0.9012500047683716 0.518750011920929 0.03250002861022949 0.052500009536743164
0 0.7712500095367432 0.5099999904632568 0.017499983310699463 0.04500001668930054
8 0.3062500059604645 0.6162499785423279 0.0625 0.17250001430511475
8 0.2487500011920929 0.6449999809265137 0.052500009536743164 0.19499999284744263
0 0.14249999821186066 0.6299999952316284 0.06000000238418579 0.17499995231628418
0 0.18000000715255737 0.6162500381469727 0.0599999874830246 0.15749996900558472
0 0.08499999344348907 0.5862499475479126 0.03999999910593033 0.11750000715255737
0 0.19624999165534973 0.5837500095367432 0.037500008940696716 0.11750000715255737
