1 0.6995078325271606 0.7942013144493103 0.2037968635559082 0.1738293170928955
0 0.32084375619888306 0.5644967555999756 0.037718743085861206 0.10759299993515015
0 0.47547656297683716 0.5391794443130493 0.048765599727630615 0.10636761784553528
0 0.35368749499320984 0.5736104846000671 0.035187482833862305 0.10157549381256104
0 0.5052187442779541 0.5487746000289917 0.026718735694885254 0.11164113879203796
9 0.2848750054836273 0.5252406597137451 0.0221250057220459 0.03017503023147583
0 0.3816562294960022 0.5748468637466431 0.0144062340259552 0.08102840185165405
0 0.37145310640335083 0.5529321432113647 0.01368752121925354 0.08048141002655029
0 0.04140625149011612 0.47264769673347473 0.03281249850988388 0.1094091534614563
1 0.17421874403953552 0.5568927526473999 0.11093749850988388 0.11159735918045044
4 0.5859375 0.9245076179504395 0.10000002384185791 0.13785558938980103
4 0.0234375 0.5557986497879028 0.04375000298023224 0.087527334690094
0 0.125 0.5218818187713623 0.03125 0.11159738898277283
4 0.8648437261581421 0.8851203322410583 0.07656246423721313 0.15536105632781982
