0 0.24124999344348907 0.5837500095367432 0.03749999403953552 0.08249998092651367
0 0.2787500023841858 0.5700000524520874 0.027500003576278687 0.06999999284744263
0 0.19749999046325684 0.5575000047683716 0.024999991059303284 0.06000000238418579
0 0.5349999666213989 0.5700000524520874 0.030000030994415283 0.07499998807907104
2 0.5787500143051147 0.5525000095367432 0.07749998569488525 0.07499998807907104
0 0.7037500143051147 0.5750000476837158 0.03750002384185791 0.06499999761581421
0 0.7512500286102295 0.5787500143051147 0.037499964237213135 0.07249999046325684
0 0.8424999713897705 0.5824999809265137 0.05500000715255737 0.07999998331069946
0 0.8925000429153442 0.5750000476837158 0.050000011920928955 0.07999998331069946
0 0.9487500190734863 0.5887500047683716 0.037499964237213135 0.08249998092651367
0 0.668749988079071 0.5537499785423279 0.03250002861022949 0.047500014305114746
3 0.7862499952316284 0.5262500047683716 0.11750000715255737 0.04250001907348633
