0 0.17500001192092896 0.7112499475479126 0.10500000417232513 0.2475000023841858
0 0.32999998331069946 0.6537500023841858 0.07500001788139343 0.18250000476837158
0 0.3725000023841858 0.637499988079071 0.050000011920928955 0.13999998569488525
0 0.45375001430511475 0.6349999904632568 0.07250002026557922 0.1499999761581421
0 0.6174999475479126 0.6825000047683716 0.06499999761581421 0.24500000476837158
0 0.5612499713897705 0.6175000071525574 0.05249994993209839 0.14499998092651367
0 0.023749999701976776 0.6687500476837158 0.04749999940395355 0.24250000715255737
0 0.6737500429153442 0.5287500023841858 0.0274999737739563 0.0625
0 0.8875000476837158 0.5449999570846558 0.04000002145767212 0.05500000715255737
0 0.8025000095367432 0.5262500047683716 0.019999980926513672 0.05750000476837158
0 0.7674999833106995 0.5325000286102295 0.019999980926513672 0.06000000238418579
