0 0.125 0.8987500071525574 0.16499999165534973 0.19749999046325684
5 0.5174999833106995 0.8550000190734863 0.12999999523162842 0.20999997854232788
0 0.7000000476837158 0.5662499666213989 0.07999998331069946 0.10250002145767212
9 0.09375 0.7300000190734863 0.07749999314546585 0.13999998569488525
9 0.06750000268220901 0.6799999475479126 0.07999999821186066 0.07499998807907104
9 0.28125 0.6549999713897705 0.0625 0.06000000238418579
9 0.2224999964237213 0.6700000166893005 0.06999999284744263 0.11500000953674316
9 0.2537499964237213 0.6237499713897705 0.042500004172325134 0.05249994993209839
9 0.35249999165534973 0.6074999570846558 0.050000011920928955 0.04500001668930054
9 0.39375001192092896 0.625 0.04749998450279236 0.07500004768371582
9 0.4050000011920929 0.5774999856948853 0.0350000262260437 0.04500001668930054
0 0.48250001668930054 0.6075000166893005 0.030000001192092896 0.12000000476837158
1 0.5487499833106995 0.5375000238418579 0.052500009536743164 0.030000030994415283
0 0.8812500238418579 0.5462499856948853 0.03249996900558472 0.0625
0 0.9837499856948853 0.5537500381469727 0.03250002861022949 0.09250003099441528
