1 0.1875 0.668749988079071 0.20999997854232788 0.16750001907348633
4 0.044999998062849045 0.5987499952316284 0.08500000089406967 0.08249998092651367
2 0.2574999928474426 0.5512499809265137 0.09000000357627869 0.08750003576278687
0 0.7575000524520874 0.6287499666213989 0.07499998807907104 0.12250000238418579
0 0.9200000166893005 0.6862499713897705 0.10000002384185791 0.20750004053115845
0 0.4599999785423279 0.5762500166893005 0.025000005960464478 0.07249999046325684
9 0.5225000381469727 0.6012499928474426 0.0350000262260437 0.0625
10 0.574999988079071 0.5325000286102295 0.09500002861022949 0.050000011920928955
10 0.6875 0.5299999713897705 0.0549999475479126 0.0350000262260437
0 0.1237500011920929 0.5762500166893005 0.027500003576278687 0.07249999046325684
0 0.1550000011920929 0.5537499785423279 0.030000001192092896 0.052500009536743164
