1 0.1899999976158142 0.8087500333786011 0.3799999952316284 0.3774999976158142
4 0.6012499928474426 0.6150000095367432 0.07249999046325684 0.12999999523162842
5 0.8050000071525574 0.6625000238418579 0.09000003337860107 0.19999998807907104
4 0.5162500143051147 0.5849999785423279 0.07750001549720764 0.11000001430511475
3 0.6837500333786011 0.5099999904632568 0.11250001192092896 0.14499998092651367
4 0.6137499809265137 0.5399999618530273 0.0274999737739563 0.05500000715255737
1 0.4712499976158142 0.5774999856948853 0.08249998092651367 0.07999998331069946
0 0.8949999809265137 0.612500011920929 0.05500000715255737 0.125
0 0.9624999761581421 0.6175000071525574 0.06000000238418579 0.13499999046325684
0 0.9312499761581421 0.5862500071525574 0.03249996900558472 0.09749996662139893
0 0.8762500286102295 0.5449999570846558 0.03249996900558472 0.05500000715255737
0 0.23749999701976776 0.5637500286102295 0.034999996423721313 0.08250004053115845
0 0.3075000047683716 0.5649999976158142 0.030000001192092896 0.0700000524520874
0 0.1262499988079071 0.5299999713897705 0.027500003576278687 0.04500001668930054
2 0.48874998092651367 0.5112500190734863 0.07749998569488525 0.047500014305114746
