1 0.8020156025886536 0.5644988417625427 0.09703123569488525 0.08335661888122559
0 0.42732030153274536 0.5782167911529541 0.04220312833786011 0.1465967297554016
0 0.244328111410141 0.6225524544715881 0.07071875035762787 0.2614685297012329
0 0.3478125035762787 0.6111305356025696 0.08312499523162842 0.2876223623752594
1 0.7747656106948853 0.5058624744415283 0.026000022888183594 0.028554797172546387
0 0.567187488079071 0.5491725206375122 0.021968722343444824 0.11069932579994202
0 0.6062577962875366 0.5500466227531433 0.025921881198883057 0.12620046734809875
0 0.6362734436988831 0.5460606217384338 0.02232813835144043 0.0893239974975586
4 0.7316172122955322 0.578904390335083 0.040421903133392334 0.13356643915176392
0 0.8563437461853027 0.562925398349762 0.02259373664855957 0.11909091472625732
0 0.6669687032699585 0.5454195737838745 0.021375000476837158 0.08701634407043457
0 0.6821328401565552 0.5283799171447754 0.011640608310699463 0.06044286489486694
1 0.8235937356948853 0.5339743494987488 0.04734373092651367 0.03466200828552246
0 0.91796875 0.574592113494873 0.0390625 0.1655011773109436
0 0.9007812738418579 0.5722610950469971 0.0546875 0.17016318440437317
0 0.9546874761581421 0.5419580340385437 0.021874964237213135 0.09090909361839294
0 0.9750000238418579 0.5419580340385437 0.021874964237213135 0.08624708652496338
0 0.6937500238418579 0.5291375517845154 0.012499988079071045 0.06526806950569153
