1 0.41874998807907104 0.5412499904632568 0.04749998450279236 0.03750002384185791
1 0.49000000953674316 0.5499999523162842 0.04999998211860657 0.050000011920928955
1 0.5699999928474426 0.5900000333786011 0.13499999046325684 0.10999995470046997
8 0.6662499904632568 0.5662499666213989 0.03750002384185791 0.08750003576278687
0 0.6912499666213989 0.5600000023841858 0.0274999737739563 0.0700000524520874
0 0.7174999713897705 0.5662499666213989 0.030000030994415283 0.08250004053115845
0 0.9362499713897705 0.6025000214576721 0.07250005006790161 0.11000001430511475
0 0.7799999713897705 0.5649999976158142 0.025000035762786865 0.08500003814697266
8 0.8037500381469727 0.5612499713897705 0.03249996900558472 0.07750004529953003
9 0.8174999952316284 0.5874999761581421 0.05500000715255737 0.06000000238418579
8 0.8462499976158142 0.5787500143051147 0.04250001907348633 0.0975000262260437
1 0.8199999928474426 0.8025000095367432 0.36000001430511475 0.38999998569488525
0 0.3100000023841858 0.5299999713897705 0.019999980926513672 0.04000002145767212
3 0.7662500143051147 0.5475000143051147 0.4624999761581421 0.16499999165534973
