1 0.3886984884738922 0.5333515405654907 0.05930584669113159 0.0318906307220459
1 0.6052494049072266 0.5247578620910645 0.06620389223098755 0.02764064073562622
1 0.5249457955360413 0.5308516025543213 0.04772233963012695 0.0320468544960022
1 0.34443598985671997 0.5288358926773071 0.039934903383255005 0.021421849727630615
0 0.15992408990859985 0.5635625123977661 0.039631232619285583 0.07634377479553223
6 0.2001735270023346 0.5561171770095825 0.02429501712322235 0.05498439073562622
0 0.2209435999393463 0.5511953234672546 0.02726680040359497 0.06485939025878906
0 0.3326572775840759 0.5195234417915344 0.006876349449157715 0.011578083038330078
1 0.6552711725234985 0.5226093530654907 0.03097611665725708 0.0157812237739563
1 0.21583515405654907 0.5265624523162842 0.06290672719478607 0.018750011920928955
1 0.30043384432792664 0.5289062261581421 0.054229915142059326 0.020312488079071045
