1 0.18706250190734863 0.7148046493530273 0.2510416507720947 0.1349218487739563
0 0.5600312948226929 0.7022656202316284 0.038395822048187256 0.08409374952316284
0 0.47707292437553406 0.7104843854904175 0.03393751382827759 0.086062490940094
0 0.3265104293823242 0.7307343482971191 0.0663125216960907 0.1027187705039978
0 0.44452083110809326 0.7023906707763672 0.03433334827423096 0.09803122282028198
0 0.9175416231155396 0.7378202676773071 0.07308334112167358 0.13273435831069946
0 0.6425312757492065 0.7064218521118164 0.05110412836074829 0.08909374475479126
0 0.768958330154419 0.692703127861023 0.037791669368743896 0.05756247043609619
0 0.8252291679382324 0.694406270980835 0.03466665744781494 0.0611875057220459
0 0.5257291793823242 0.7078593969345093 0.04158329963684082 0.08950001001358032
0 0.40820834040641785 0.6959531307220459 0.03295832872390747 0.08053123950958252
0 0.7192187309265137 0.6905234456062317 0.03106248378753662 0.05364060401916504
0 0.9769999980926514 0.7103202939033508 0.046000003814697266 0.12264060974121094
