9 0.17249999940395355 0.6375000476837158 0.08500000834465027 0.08499997854232788
9 0.2224999964237213 0.6537500023841858 0.04999999701976776 0.1174999475479126
9 0.30250000953674316 0.6462500095367432 0.06999999284744263 0.10249996185302734
9 0.39250001311302185 0.6112499833106995 0.06499999761581421 0.08249998092651367
8 0.2562499940395355 0.8237500190734863 0.09750001132488251 0.3475000262260437
0 0.48750001192092896 0.6912499666213989 0.10000002384185791 0.23750001192092896
7 0.6262500286102295 0.6212500333786011 0.05749994516372681 0.14749997854232788
0 0.33375000953674316 0.5662499666213989 0.02250000834465027 0.08250004053115845
0 0.41750001907348633 0.5349999666213989 0.034999996423721313 0.050000011920928955
9 0.6937500238418579 0.5537500381469727 0.0274999737739563 0.0274999737739563
9 0.5774999856948853 0.5774999856948853 0.04000002145767212 0.04000002145767212
0 0.5575000047683716 0.5425000190734863 0.019999980926513672 0.05500000715255737
0 0.19624999165534973 0.5225000381469727 0.017499998211860657 0.04500001668930054
1 0.9762499928474426 0.5249999761581421 0.04250001907348633 0.030000030994415283
4 0.9287500381469727 0.518750011920929 0.017499983310699463 0.03750002384185791
