3 0.9736562371253967 0.6029127240180969 0.05268752574920654 0.40172168612480164
3 0.9102578163146973 0.4999292492866516 0.09617185592651367 0.1720283031463623
1 0.669421911239624 0.7730188369750977 0.14550000429153442 0.2421225905418396
1 0.6662031412124634 0.5956132411956787 0.10281246900558472 0.10415095090866089
2 0.8702577948570251 0.660908043384552 0.130609393119812 0.19856131076812744
1 0.6384843587875366 0.6118042469024658 0.09159374237060547 0.08091986179351807
1 0.19949999451637268 0.6627830266952515 0.15031248331069946 0.1095283031463623
1 0.058195311576128006 0.7589150667190552 0.0891718789935112 0.23768872022628784
1 0.381109356880188 0.6809787750244141 0.06193748116493225 0.07568395137786865
1 0.5339844226837158 0.6308962106704712 0.14765626192092896 0.10141509771347046
1 0.4933750033378601 0.7065330147743225 0.11168751120567322 0.1926887035369873
1 0.8230781555175781 0.6776179075241089 0.10243755578994751 0.12603771686553955
1 0.4249765872955322 0.6199292540550232 0.07535937428474426 0.06099057197570801
10 0.4555000066757202 0.46229952573776245 0.04696875810623169 0.10478770732879639
10 0.5439687371253967 0.4590683877468109 0.05143749713897705 0.07917451858520508
1 0.6642656326293945 0.5368750095367432 0.08784377574920654 0.0772877037525177
10 0.29762500524520874 0.512205183506012 0.059749990701675415 0.09742924571037292
2 0.33531248569488525 0.4900943636894226 0.05390623211860657 0.06886795163154602
1 0.48801562190055847 0.5791273713111877 0.11384373903274536 0.07528305053710938
1 0.2455781251192093 0.7955660820007324 0.27903124690055847 0.26599055528640747
4 0.10312500596046448 0.7629716992378235 0.0937500074505806 0.275943398475647
4 0.03046875074505806 0.7841981649398804 0.06093750149011612 0.3042452931404114
4 0.40546876192092896 0.7841981053352356 0.09531250596046448 0.2853773832321167
4 0.574999988079071 0.775943398475647 0.11562502384185791 0.30188679695129395
4 0.7757812738418579 0.7771226167678833 0.09531253576278687 0.2853773236274719
4 0.836718738079071 0.7771226167678833 0.06406247615814209 0.25235849618911743
