0 0.530510425567627 0.9433906078338623 0.027145862579345703 0.050156235694885254
0 0.5610208511352539 0.9434765577316284 0.027916669845581055 0.048859357833862305
0 0.515541672706604 0.9454687833786011 0.016541659832000732 0.043875038623809814
1 0.49269792437553406 0.9088984131813049 0.06797915697097778 0.03754687309265137
1 0.17218749225139618 0.9081953167915344 0.16499999165534973 0.10779690742492676
1 0.4153541624546051 0.9449453353881836 0.07416665554046631 0.05785936117172241
1 0.3305416703224182 0.931140661239624 0.10066667199134827 0.08518749475479126
1 0.45111459493637085 0.9468593597412109 0.03072914481163025 0.05281251668930054
1 0.6325104236602783 0.8295156359672546 0.03852081298828125 0.031875014305114746
1 0.11903125047683716 0.9195468425750732 0.11385416984558105 0.0805937647819519
1 0.49976038932800293 0.8903515338897705 0.07339581847190857 0.035609424114227295
0 0.9721249938011169 0.8882578015327454 0.05462503433227539 0.22160935401916504
1 0.45657292008399963 0.8669609427452087 0.017979145050048828 0.037921905517578125
1 0.040322914719581604 0.9028906226158142 0.07856249809265137 0.11637496948242188
1 0.6027604341506958 0.8527656197547913 0.04793751239776611 0.028437495231628418
