0 0.04500000178813934 0.6637499928474426 0.09000000357627869 0.16750001907348633
0 0.17249999940395355 0.6812499761581421 0.0949999988079071 0.20250004529953003
0 0.1274999976158142 0.6762499809265137 0.08500000089406967 0.18250000476837158
0 0.2800000011920929 0.612500011920929 0.06000000238418579 0.12999999523162842
0 0.3824999928474426 0.6037499904632568 0.030000001192092896 0.1274999976158142
0 0.41624999046325684 0.5837500095367432 0.01750001311302185 0.08249998092651367
0 0.4350000023841858 0.637499988079071 0.04000002145767212 0.15999996662139893
0 0.5449999570846558 0.5774999856948853 0.030000030994415283 0.10000002384185791
1 0.7637500166893005 0.518750011920929 0.047500014305114746 0.03250002861022949
1 0.7387499809265137 0.5074999928474426 0.017499983310699463 0.019999980926513672
0 0.6424999833106995 0.5237500071525574 0.014999985694885254 0.04250001907348633
0 0.5987499952316284 0.5399999618530273 0.04250001907348633 0.06999999284744263
3 0.6937500238418579 0.4950000047683716 0.03249996900558472 0.03999999165534973
0 0.949999988079071 0.5325000286102295 0.02499997615814209 0.05500000715255737
