10 0.705328106880188 0.6698437333106995 0.15000003576278687 0.26772916316986084
0 0.5122500061988831 0.30896875262260437 0.014250040054321289 0.0729791522026062
4 0.646914005279541 0.469083309173584 0.038078129291534424 0.04879167675971985
1 0.34415626525878906 0.6762083768844604 0.11406251788139343 0.1122083067893982
1 0.7357578277587891 0.909583330154419 0.146734356880188 0.15258336067199707
1 0.3505937457084656 0.6107083559036255 0.1119999885559082 0.07141667604446411
1 0.1512109339237213 0.6927708387374878 0.11429687589406967 0.12008333206176758
1 0.21242186427116394 0.5832187533378601 0.0924374908208847 0.12031245231628418
10 0.5280234217643738 0.5762291550636292 0.1479843556880951 0.2645833194255829
1 0.5283515453338623 0.7714999914169312 0.11932811141014099 0.1290000081062317
1 0.21717187762260437 0.51213538646698 0.09265625476837158 0.09822914004325867
1 0.2838437557220459 0.4123958349227905 0.06568750739097595 0.093666672706604
1 0.4330468773841858 0.2810208201408386 0.057250022888183594 0.06858333945274353
1 0.6730155944824219 0.5097603797912598 0.09056252241134644 0.06535416841506958
1 0.5116328001022339 0.41731250286102295 0.06492185592651367 0.08816665410995483
1 0.6103437542915344 0.6807395815849304 0.05037498474121094 0.10852086544036865
1 0.31984376907348633 0.33267706632614136 0.0559062659740448 0.060854166746139526
1 0.4398437440395355 0.453125 0.026562511920928955 0.10625001788139343
1 0.6710937023162842 0.49166667461395264 0.11406248807907104 0.08750000596046448
