0 0.9794687628746033 0.680180549621582 0.03234374523162842 0.1065833568572998
1 0.4704297184944153 0.6837360858917236 0.07273438572883606 0.08430558443069458
1 0.9686875343322754 0.8017777800559998 0.0571250319480896 0.21011114120483398
1 0.24807031452655792 0.656083345413208 0.04779687523841858 0.07127779722213745
1 0.07938281446695328 0.8090972304344177 0.15876562893390656 0.38180553913116455
1 0.1351015567779541 0.6889722347259521 0.09210937470197678 0.1204444169998169
1 0.6588202714920044 0.6890000104904175 0.08404690027236938 0.12511110305786133
1 0.5969140529632568 0.7035278081893921 0.11117184162139893 0.1223333477973938
2 0.7973828315734863 0.7085694670677185 0.13742190599441528 0.15952777862548828
1 0.3220859169960022 0.6625277996063232 0.04414060711860657 0.057055532932281494
1 0.2939765453338623 0.6490277647972107 0.03132811188697815 0.05966663360595703
1 0.14771875739097595 0.8137222528457642 0.07700000703334808 0.23461109399795532
1 0.7243046760559082 0.6888889074325562 0.05695313215255737 0.10866665840148926
1 0.3532421886920929 0.6274305582046509 0.016046881675720215 0.02608335018157959
1 0.4270547032356262 0.6669027805328369 0.053078144788742065 0.08063888549804688
0 0.5101562738418579 0.6597222089767456 0.014062464237213135 0.05833333730697632
