0 0.3400000035762787 0.7149999737739563 0.06999999284744263 0.24500000476837158
0 0.4037500023841858 0.6525000333786011 0.08249998092651367 0.17000001668930054
0 0.44749999046325684 0.6412500143051147 0.06000000238418579 0.1575000286102295
0 0.4987499713897705 0.6625000238418579 0.057499974966049194 0.1899999976158142
0 0.32249999046325684 0.6000000238418579 0.09000000357627869 0.12000000476837158
0 0.7212499976158142 0.7450000047683716 0.07249999046325684 0.3199999928474426
0 0.8462499976158142 0.7562500238418579 0.07249999046325684 0.32249999046325684
0 0.8075000047683716 0.6662499904632568 0.04999995231628418 0.1875
0 0.7799999713897705 0.6412500143051147 0.04000002145767212 0.13749998807907104
0 0.8674999475479126 0.6012499928474426 0.050000011920928955 0.07749998569488525
0 0.9350000023841858 0.6800000071525574 0.08000004291534424 0.2549999952316284
0 0.9624999761581421 0.7537499666213989 0.07499998807907104 0.28749996423721313
