3 0.24678125977516174 0.6870774626731873 0.20075000822544098 0.35828638076782227
0 0.9313594102859497 0.7542370557785034 0.02737504243850708 0.15053993463516235
0 0.941906213760376 0.7360681295394897 0.01643747091293335 0.10091549158096313
0 0.9812968969345093 0.7982394099235535 0.03740626573562622 0.13530516624450684
0 0.9911562204360962 0.7056220769882202 0.0170937180519104 0.06392019987106323
1 0.6185547113418579 0.7849295735359192 0.14476561546325684 0.1934272050857544
1 0.718874990940094 0.7686150074005127 0.12440621852874756 0.16098588705062866
1 0.5024999976158142 0.7586385011672974 0.10471877455711365 0.12117373943328857
1 0.8415937423706055 0.7681455612182617 0.140749990940094 0.15553992986679077
1 0.3851640522480011 0.7261033058166504 0.076296865940094 0.13295775651931763
1 0.7323984503746033 0.6815844774246216 0.09023439884185791 0.08213609457015991
1 0.4641718864440918 0.7342370748519897 0.06853124499320984 0.1492253541946411
1 0.7878593802452087 0.6939554214477539 0.03581249713897705 0.037159621715545654
1 0.35371094942092896 0.7728520631790161 0.03648439049720764 0.10814553499221802
1 0.5407265424728394 0.6992840766906738 0.07126563787460327 0.057159602642059326
1 0.8476484417915344 0.6966431736946106 0.08579683303833008 0.047089219093322754
