2 0.8528900146484375 0.6808381676673889 0.09754002094268799 0.2636415958404541
10 0.9266700148582458 0.700852632522583 0.1431800127029419 0.3500867486000061
1 0.041189998388290405 0.6241907477378845 0.043299999088048935 0.061965346336364746
1 0.927590012550354 0.760664701461792 0.14462000131607056 0.45167630910873413
1 0.704990029335022 0.6705635786056519 0.08597999811172485 0.13303470611572266
2 0.5414299964904785 0.6286560297012329 0.02017998695373535 0.03320807218551636
1 0.80281001329422 0.6714739799499512 0.026340007781982422 0.10647398233413696
1 0.6131899952888489 0.6970231533050537 0.14541995525360107 0.1560693383216858
4 0.781000018119812 0.6531791687011719 0.026000022888183594 0.07514446973800659
4 0.7580000162124634 0.6517341136932373 0.019999980926513672 0.07803469896316528
4 0.43199998140335083 0.6835260391235352 0.06399998068809509 0.22832369804382324
