6 0.6562968492507935 0.7028124928474426 0.11640626192092896 0.40712499618530273
6 0.5344375371932983 0.49127084016799927 0.03224998712539673 0.14987501502037048
0 0.5829921960830688 0.4335416555404663 0.03817188739776611 0.1184583306312561
6 0.5048671960830688 0.48656249046325684 0.03829684853553772 0.18137499690055847
6 0.4801718592643738 0.4789791703224182 0.02325001358985901 0.1457500159740448
6 0.44045311212539673 0.4919270873069763 0.049437493085861206 0.13743749260902405
6 0.6973984241485596 0.4607812464237213 0.06895315647125244 0.1367291808128357
0 0.10588281601667404 0.8436979055404663 0.21176563203334808 0.3126041889190674
6 0.27646875381469727 0.41350001096725464 0.026281237602233887 0.06325000524520874
6 0.9644843935966492 0.42363542318344116 0.02168750762939453 0.05452084541320801
6 0.5553749799728394 0.4413958191871643 0.0170937180519104 0.0795416533946991
6 0.28125 0.4958333373069763 0.046875 0.17499998211860657
6 0.46406251192092896 0.4781250059604645 0.025000005960464478 0.14375001192092896
6 0.921875 0.4229166507720947 0.01874995231628418 0.05833330750465393
