0 0.7987499833106995 0.5850000381469727 0.04250001907348633 0.09999996423721313
9 0.8500000238418579 0.6200000047683716 0.06999999284744263 0.11500000953674316
0 0.9075000286102295 0.5849999785423279 0.04000002145767212 0.11000001430511475
0 0.9674999713897705 0.6012500524520874 0.04500001668930054 0.11250001192092896
0 0.8587499856948853 0.5737500190734863 0.04250001907348633 0.0975000262260437
0 0.6549999713897705 0.5674999952316284 0.05500000715255737 0.07500004768371582
0 0.5874999761581421 0.5600000023841858 0.025000035762786865 0.07500004768371582
4 0.3412500023841858 0.6625000238418579 0.14749997854232788 0.15000003576278687
4 0.3125 0.6100000143051147 0.12000000476837158 0.06499999761581421
1 0.40625 0.5337499976158142 0.07249999046325684 0.04250001907348633
2 0.35374999046325684 0.5112500190734863 0.06749999523162842 0.05750003457069397
5 0.22999998927116394 0.6775000095367432 0.0599999874830246 0.12000000476837158
