1 0.1450156271457672 0.7971805334091187 0.2849687337875366 0.3573055863380432
1 0.5801405906677246 0.7327638864517212 0.2852500081062317 0.18136107921600342
1 0.42873436212539673 0.6649444103240967 0.06165626645088196 0.08911114931106567
0 0.32743752002716064 0.6883333325386047 0.021187514066696167 0.08138883113861084
0 0.26002344489097595 0.6834444403648376 0.01973438262939453 0.0891110897064209
1 0.6609140634536743 0.660819411277771 0.09132814407348633 0.06275004148483276
0 0.29866406321525574 0.6822082996368408 0.015859365463256836 0.08580559492111206
0 0.2269296944141388 0.6893472671508789 0.02573437988758087 0.09497219324111938
0 0.2712656259536743 0.6797361373901367 0.01718747615814209 0.08936113119125366
0 0.7127343416213989 0.6701111197471619 0.016218721866607666 0.05588889122009277
3 0.036210935562849045 0.6052916646003723 0.07195312529802322 0.057138919830322266
0 0.13193750381469727 0.6440833210945129 0.020343750715255737 0.029388904571533203
2 0.8795468807220459 0.727055549621582 0.19578123092651367 0.18744444847106934
3 0.5193125009536743 0.6357499957084656 0.13215625286102295 0.13127779960632324
0 0.21484375 0.6777777671813965 0.026562511920928955 0.10000002384185791
0 0.17499999701976776 0.6638889312744141 0.009375005960464478 0.06666666269302368
0 0.16249999403953552 0.6638889312744141 0.015625 0.055555522441864014
0 0.2828125059604645 0.6791666746139526 0.018750011920928955 0.10277777910232544
0 0.3421874940395355 0.6833333373069763 0.018750011920928955 0.0944443941116333
0 0.36250001192092896 0.6791666746139526 0.021874994039535522 0.09166669845581055
0 0.38359373807907104 0.6763888597488403 0.020312517881393433 0.10277777910232544
0 0.729687511920929 0.6930555105209351 0.015625 0.11944442987442017
0 0.7687499523162842 0.6847221851348877 0.034375011920928955 0.1361110806465149
0 0.7789062261581421 0.699999988079071 0.014062464237213135 0.10555553436279297
0 0.758593738079071 0.6944444179534912 0.0234375 0.1111111044883728
1 0.98046875 0.9472222328186035 0.03281247615814209 0.10000002384185791
