0 0.5099999904632568 0.7212499976158142 0.0949999988079071 0.2575000524520874
0 0.59375 0.6749999523162842 0.052500009536743164 0.1850000023841858
0 0.7825000286102295 0.7024999856948853 0.06499999761581421 0.20999997854232788
0 0.7150000333786011 0.6274999976158142 0.10499995946884155 0.1499999761581421
0 0.5412499904632568 0.5512499809265137 0.027500033378601074 0.052500009536743164
1 0.6899999976158142 0.5612499713897705 0.12000000476837158 0.0625
1 0.7537499666213989 0.5525000095367432 0.07750004529953003 0.05500000715255737
2 0.8450000286102295 0.5249999761581421 0.06000000238418579 0.04500001668930054
1 0.981249988079071 0.5375000238418579 0.03750002384185791 0.06499999761581421
1 0.7962499856948853 0.5412499904632568 0.06749999523162842 0.047500014305114746
