5 0.38554686307907104 0.7189375162124634 0.05309376120567322 0.19537502527236938
1 0.758062481880188 0.7838749885559082 0.48387497663497925 0.4322500228881836
1 0.8540312051773071 0.8625104427337646 0.2887187600135803 0.2537708282470703
1 0.07987499982118607 0.8533541560173035 0.15974999964237213 0.2735416889190674
1 0.09058593958616257 0.8029896020889282 0.18117187917232513 0.2865208387374878
0 0.8387812376022339 0.5631041526794434 0.050812482833862305 0.04370832443237305
0 0.9778046607971191 0.5520416498184204 0.04070311784744263 0.040749967098236084
0 0.20390625298023224 0.652302086353302 0.06853124499320984 0.22477078437805176
5 0.4269062578678131 0.7454270720481873 0.046750009059906006 0.13756251335144043
5 0.46495312452316284 0.7771458625793457 0.05031251907348633 0.0845833420753479
