0 0.8137500286102295 0.6137499809265137 0.04749995470046997 0.13249999284744263
9 0.7150000333786011 0.5800000429153442 0.05500000715255737 0.030000030994415283
9 0.5974999666213989 0.6050000190734863 0.030000030994415283 0.07499998807907104
9 0.3812499940395355 0.8199999928474426 0.11750000715255737 0.23500001430511475
9 0.5249999761581421 0.8287500143051147 0.0949999988079071 0.26749998331069946
9 0.6112499833106995 0.7174999713897705 0.07249999046325684 0.15000003576278687
9 0.6887500286102295 0.6862499713897705 0.09250003099441528 0.0975000262260437
9 0.752500057220459 0.668749988079071 0.06000000238418579 0.06749999523162842
9 0.8237500190734863 0.7325000166893005 0.09250003099441528 0.12999999523162842
9 0.8662499785423279 0.6637499928474426 0.06749999523162842 0.07749998569488525
9 0.9524999856948853 0.7274999618530273 0.09500002861022949 0.15500003099441528
9 0.19624999165534973 0.8662500381469727 0.13249999284744263 0.23250001668930054
9 0.03999999910593033 0.6449999809265137 0.07999999821186066 0.07499998807907104
9 0.07625000178813934 0.625 0.06749999523162842 0.07500004768371582
9 0.04124999791383743 0.8925000429153442 0.07750000059604645 0.20999997854232788
