1 0.8171406388282776 0.5366901159286499 0.03581249713897705 0.0821596086025238
1 0.8503203392028809 0.5257511734962463 0.04445308446884155 0.0626760721206665
1 0.8813749551773071 0.5269835591316223 0.022468745708465576 0.040305137634277344
1 0.9028593301773071 0.5191197395324707 0.01656252145767212 0.01950705051422119
1 0.9648827910423279 0.5203872919082642 0.024765610694885254 0.03053992986679077
3 0.46275782585144043 0.4671713411808014 0.19092190265655518 0.24424880743026733
0 0.0611874982714653 0.49092721939086914 0.038343753665685654 0.11701878905296326
0 0.030375000089406967 0.49319249391555786 0.03059375286102295 0.11028170585632324
0 0.24144531786441803 0.5046126842498779 0.02985939383506775 0.11476528644561768
0 0.3343750238418579 0.47300469875335693 0.025000005960464478 0.035211265087127686
0 0.2710937559604645 0.5375586748123169 0.0546875 0.15492960810661316
0 0.18828125298023224 0.5258215665817261 0.0390625 0.13615021109580994
0 0.15000000596046448 0.5223004817962646 0.07187499105930328 0.12441316246986389
