0 0.7762500047683716 0.8262499570846558 0.12250000238418579 0.3425000309944153
0 0.6200000047683716 0.6537500023841858 0.06000000238418579 0.18250000476837158
0 0.3725000023841858 0.6150000095367432 0.06000000238418579 0.11000001430511475
0 0.3349999785423279 0.59375 0.03999999165534973 0.11249995231628418
0 0.8700000047683716 0.5224999785423279 0.04499995708465576 0.08500000834465027
9 0.9199999570846558 0.5362499952316284 0.0350000262260437 0.07749998569488525
9 0.9574999809265137 0.5349999666213989 0.04000002145767212 0.0899999737739563
0 0.26875001192092896 0.5974999666213989 0.04749998450279236 0.10999995470046997
0 0.2162500023841858 0.5887500047683716 0.03749999403953552 0.08749997615814209
0 0.17750000953674316 0.6000000238418579 0.040000006556510925 0.09999996423721313
0 0.13625000417232513 0.5700000524520874 0.027500003576278687 0.06999999284744263
0 0.11124999821186066 0.5525000095367432 0.027500003576278687 0.06499999761581421
3 0.038750000298023224 0.5674999952316284 0.07250000536441803 0.16499996185302734
