9 0.2150000035762787 0.7037500143051147 0.08499999344348907 0.17750000953674316
9 0.29500001668930054 0.6349999904632568 0.08000001311302185 0.07499998807907104
9 0.10875000059604645 0.6637500524520874 0.0625 0.13249999284744263
9 0.05375000089406967 0.6399999856948853 0.05750000476837158 0.06499999761581421
9 0.3837500214576721 0.6050000190734863 0.032499998807907104 0.04500001668930054
9 0.41874998807907104 0.6287499666213989 0.04249998927116394 0.10250002145767212
9 0.5724999904632568 0.637499988079071 0.07499998807907104 0.10500001907348633
9 0.5175000429153442 0.6100000143051147 0.0350000262260437 0.05500000715255737
0 0.9175000190734863 0.5762500166893005 0.030000030994415283 0.07249999046325684
0 0.8287500143051147 0.5587499737739563 0.047500014305114746 0.0625
9 0.6362500190734863 0.5987499952316284 0.07749998569488525 0.07749998569488525
