1 0.8743281364440918 0.4199882745742798 0.20687496662139893 0.33159253001213074
4 0.10386718809604645 0.6027400493621826 0.19279688596725464 0.44529274106025696
10 0.5198359489440918 0.5280210971832275 0.7763906121253967 0.7870023250579834
1 0.8459765911102295 0.23252928256988525 0.13576561212539673 0.05409836769104004
1 0.12346093356609344 0.3416159152984619 0.24576562643051147 0.19508197903633118
1 0.22392186522483826 0.21351288259029388 0.05178125202655792 0.15517565608024597
1 0.7627421617507935 0.24608899652957916 0.045171916484832764 0.08594849705696106
1 0.7835312485694885 0.2007260024547577 0.08931255340576172 0.05461357533931732
1 0.9178828001022339 0.2290281057357788 0.08664059638977051 0.07304449379444122
4 0.2601562440395355 0.26814988255500793 0.08906249701976776 0.23185013234615326
