1 0.3160208463668823 0.6186640858650208 0.09612497687339783 0.042546868324279785
1 0.020145833492279053 0.6931874752044678 0.040291666984558105 0.1420000195503235
1 0.03673958405852318 0.6349140405654907 0.07347916811704636 0.08451563119888306
0 0.6485832929611206 0.6816015243530273 0.06475001573562622 0.2101718783378601
0 0.6889583468437195 0.6079453229904175 0.03316664695739746 0.033828139305114746
0 0.7660312652587891 0.6791093945503235 0.06585419178009033 0.16343748569488525
0 0.8097500205039978 0.6624921560287476 0.046791672706604004 0.1359843611717224
0 0.8763124942779541 0.6905702948570251 0.10783332586288452 0.2313593626022339
0 0.7131146192550659 0.5849218964576721 0.022395789623260498 0.026468753814697266
0 0.7077083587646484 0.6991171836853027 0.08875000476837158 0.20176565647125244
0 0.40036457777023315 0.6714453101158142 0.07760417461395264 0.16648435592651367
0 0.5257291793823242 0.6425390839576721 0.039791643619537354 0.10460937023162842
0 0.7444895505905151 0.6045546531677246 0.026812493801116943 0.05304688215255737
1 0.1876354217529297 0.6214609146118164 0.13197916746139526 0.0694844126701355
0 0.764635443687439 0.5887109637260437 0.017979204654693604 0.016703128814697266
0 0.9689375162124634 0.6889140605926514 0.06212502717971802 0.22776567935943604
