1 0.49727344512939453 0.2834804058074951 0.21751561760902405 0.31544116139411926
1 0.25813281536102295 0.19719362258911133 0.16257812082767487 0.20134805142879486
10 0.35313278436660767 0.11741422116756439 0.15901562571525574 0.1887499988079071
1 0.5663750171661377 0.07158088684082031 0.0483437180519104 0.0988970622420311
5 0.7281249761581421 0.6390808820724487 0.38749998807907104 0.6263970136642456
0 0.9049218893051147 0.23432599008083344 0.06446874141693115 0.3112500011920929
1 0.8326250314712524 0.09579657018184662 0.051624953746795654 0.0879656970500946
10 0.10152343660593033 0.22272059321403503 0.20304687321186066 0.3663725256919861
1 0.7012187242507935 0.10540440678596497 0.03406250476837158 0.14247548580169678
1 0.48850780725479126 0.06524509936571121 0.1164219081401825 0.13049019873142242
1 0.8824999928474426 0.8529411554336548 0.23500001430511475 0.29411762952804565
1 0.2517421841621399 0.058137256652116776 0.08907812833786011 0.08598039299249649
1 0.16252344846725464 0.06314951181411743 0.030578121542930603 0.05252451077103615
1 0.8585937023162842 0.720588207244873 0.27656251192092896 0.38725489377975464
