4 0.8824999928474426 0.6100000143051147 0.09500002861022949 0.07499998807907104
4 0.9162499904632568 0.5974999666213989 0.06749999523162842 0.06499999761581421
4 0.9450000524520874 0.5750000476837158 0.06499999761581421 0.06000000238418579
4 0.9712499976158142 0.5637500286102295 0.05750000476837158 0.0625
1 0.75 0.6637499928474426 0.2849999666213989 0.19749999046325684
1 0.3675000071525574 0.8287500143051147 0.7300000190734863 0.3424999713897705
0 0.3774999976158142 0.6175000071525574 0.06000000238418579 0.08500003814697266
0 0.4399999976158142 0.596250057220459 0.04000002145767212 0.12250000238418579
0 0.5625 0.612500011920929 0.04999995231628418 0.12999999523162842
0 0.8087500333786011 0.5375000238418579 0.02249997854232788 0.06499999761581421
0 0.8387500047683716 0.5349999666213989 0.022500038146972656 0.06499999761581421
