1 0.14249999821186066 0.6462500095367432 0.2849999964237213 0.18250000476837158
1 0.375 0.5750000476837158 0.1600000262260437 0.08499997854232788
1 0.42375001311302185 0.7575000524520874 0.3725000023841858 0.32499998807907104
1 0.9199999570846558 0.6937500238418579 0.15500003099441528 0.20250004529953003
0 0.9025000333786011 0.5662500262260437 0.050000011920928955 0.0625
4 0.5662499666213989 0.6112499833106995 0.1524999737739563 0.08249998092651367
1 0.6487500071525574 0.5637500286102295 0.09249997138977051 0.0675000548362732
0 0.4624999761581421 0.5575000047683716 0.034999996423721313 0.06999999284744263
2 0.11999999731779099 0.5487499833106995 0.23999999463558197 0.06749999523162842
1 0.5112500190734863 0.5475000143051147 0.0675000250339508 0.050000011920928955
