1 0.7959866523742676 0.7534500360488892 0.1634933352470398 0.06893998384475708
1 0.6017333269119263 0.7200900316238403 0.05856001377105713 0.02697998285293579
1 0.7187333106994629 0.7254499793052673 0.1005600094795227 0.06874001026153564
0 0.28007999062538147 0.8004800081253052 0.08597332239151001 0.11803996562957764
0 0.4031199812889099 0.7576700448989868 0.044693320989608765 0.08833998441696167
0 0.3511466383934021 0.7569700479507446 0.035573333501815796 0.05254000425338745
8 0.1555199921131134 0.7244499921798706 0.04234667122364044 0.05770003795623779
8 0.1262800097465515 0.7302500009536743 0.051386669278144836 0.05765998363494873
8 0.1796266734600067 0.7212399840354919 0.029440000653266907 0.0637199878692627
8 0.19593334197998047 0.7160300016403198 0.029093340039253235 0.05286002159118652
0 0.3762666583061218 0.7307499647140503 0.024906665086746216 0.049820005893707275
8 0.09042666852474213 0.7240599989891052 0.052853330969810486 0.07975995540618896
0 0.542639970779419 0.715719997882843 0.017173349857330322 0.030519962310791016
0 0.3113333582878113 0.7602300047874451 0.03605332970619202 0.07065999507904053
