1 0.9006999731063843 0.666321337223053 0.19859999418258667 0.39708709716796875
3 0.49612998962402344 0.49884384870529175 0.15713998675346375 0.28759756684303284
0 0.35583001375198364 0.5580330491065979 0.03169998526573181 0.1550450623035431
0 0.14671000838279724 0.5237988233566284 0.038499996066093445 0.10057058930397034
1 0.06207999959588051 0.6234234571456909 0.12415999919176102 0.2333332896232605
1 0.03525000065565109 0.8183183073997498 0.07050000131130219 0.357357382774353
1 0.057579997926950455 0.5308108329772949 0.11432000249624252 0.09033030271530151
2 0.25884997844696045 0.5524173974990845 0.10881999135017395 0.18087086081504822
1 0.6151900291442871 0.4866666793823242 0.04941999912261963 0.04840841889381409
2 0.3846700191497803 0.536005973815918 0.06501999497413635 0.12168166041374207
1 0.19986000657081604 0.589354395866394 0.1480400115251541 0.1685585379600525
1 0.3840000033378601 0.5555555820465088 0.04000002145767212 0.10210210084915161
1 0.7769999504089355 0.6471471786499023 0.1340000033378601 0.27927929162979126
1 0.6850000023841858 0.6051051020622253 0.12999999523162842 0.1831831932067871
1 0.6460000276565552 0.587087094783783 0.11200004816055298 0.16516518592834473
1 0.6019999980926514 0.5555555820465088 0.0559999942779541 0.09609609842300415
5 0.9819999933242798 0.8393393754959106 0.03600001335144043 0.14714711904525757
