1 0.3403281271457672 0.5811458230018616 0.10384374856948853 0.10887503623962402
1 0.28682029247283936 0.570479154586792 0.034546881914138794 0.07395833730697632
0 0.22576561570167542 0.5635937452316284 0.02693749964237213 0.09031248092651367
0 0.2449374943971634 0.5487916469573975 0.019593745470046997 0.06937497854232788
0 0.19691406190395355 0.5650312304496765 0.028109371662139893 0.086020827293396
1 0.41994529962539673 0.553697943687439 0.04154685139656067 0.05539578199386597
1 0.39098435640335083 0.5510520935058594 0.038718730211257935 0.0509791374206543
1 0.3770468831062317 0.5461145639419556 0.0247499942779541 0.03964585065841675
0 0.20771095156669617 0.5615312457084656 0.015328124165534973 0.08814585208892822
1 0.4820312559604645 0.5580937266349792 0.09690624475479126 0.09077084064483643
1 0.2682577967643738 0.5525833368301392 0.013421863317489624 0.05966663360595703
2 0.27632811665534973 0.5143437385559082 0.033531248569488525 0.03072914481163025
