0 0.5412499904632568 0.5850000381469727 0.09249997138977051 0.08499997854232788
0 0.5375000238418579 0.5537500381469727 0.025000035762786865 0.03249996900558472
1 0.5550000071525574 0.543749988079071 0.125 0.047500014305114746
2 0.6262500286102295 0.5199999809265137 0.0975000262260437 0.05500000715255737
2 0.7612500190734863 0.5162500143051147 0.04250001907348633 0.0274999737739563
2 0.7925000190734863 0.5087499618530273 0.0350000262260437 0.0274999737739563
0 0.6037499904632568 0.737500011920929 0.10249996185302734 0.2799999713897705
0 0.6825000047683716 0.6787500381469727 0.11500000953674316 0.23750001192092896
0 0.7537500262260437 0.6425000429153442 0.05750000476837158 0.18000000715255737
0 0.8212499618530273 0.6949999928474426 0.09250003099441528 0.21500003337860107
0 0.981249988079071 0.5824999809265137 0.03250002861022949 0.10500001907348633
4 0.8199999928474426 0.5649999976158142 0.10000002384185791 0.07500004768371582
