3 0.3824999928474426 0.48124998807907104 0.2150000035762787 0.09749996662139893
2 0.6612499952316284 0.53125 0.17750000953674316 0.11249998211860657
4 0.8849999904632568 0.5649999976158142 0.07499998807907104 0.10500001907348633
0 0.9487500190734863 0.574999988079071 0.04250001907348633 0.10000002384185791
0 0.7274999618530273 0.6137499809265137 0.06000000238418579 0.18250000476837158
0 0.08749999850988388 0.7762500047683716 0.17499999701976776 0.4375
0 0.3687499761581421 0.7925000190734863 0.14750000834465027 0.4150000214576721
0 0.5162500143051147 0.6700000166893005 0.10249999165534973 0.2549999952316284
0 0.5674999952316284 0.7150000333786011 0.07500004768371582 0.3050000071525574
0 0.6324999928474426 0.7949999570846558 0.1499999761581421 0.4050000309944153
