0 0.1237500011920929 0.8300000429153442 0.10749999433755875 0.32999998331069946
9 0.1862500011920929 0.6437499523162842 0.05750000476837158 0.10250002145767212
9 0.23749999701976776 0.6337499618530273 0.04999998211860657 0.12250000238418579
9 0.2874999940395355 0.6187499761581421 0.05500000715255737 0.08250004053115845
9 0.39500001072883606 0.6124999523162842 0.06000000238418579 0.08499997854232788
4 0.40625 0.71875 0.22749999165534973 0.1575000286102295
1 0.5387499928474426 0.6349999904632568 0.1875 0.1499999761581421
1 0.6137499809265137 0.5862500071525574 0.10250002145767212 0.07249999046325684
3 0.6487500071525574 0.543749988079071 0.07749998569488525 0.047500014305114746
4 0.6662499904632568 0.5674999952316284 0.027500033378601074 0.04499995708465576
0 0.9587500095367432 0.5549999475479126 0.0625 0.050000011920928955
1 0.9287500381469727 0.6762499809265137 0.13749998807907104 0.19249999523162842
1 0.8687499761581421 0.5924999713897705 0.12250000238418579 0.0899999737739563
