0 0.1850000023841858 0.6537500023841858 0.07500000298023224 0.19749999046325684
0 0.33500000834465027 0.6475000381469727 0.06999999284744263 0.16500002145767212
0 0.04625000059604645 0.8362500071525574 0.0925000011920929 0.32749998569488525
0 0.747499942779541 0.5849999785423279 0.06000000238418579 0.13499999046325684
0 0.8250000476837158 0.5449999570846558 0.06999999284744263 0.0899999737739563
0 0.6387499570846558 0.5412499904632568 0.03249996900558472 0.06749999523162842
0 0.9212499856948853 0.5337499976158142 0.03250002861022949 0.07249999046325684
0 0.26499998569488525 0.5712500214576721 0.05499999225139618 0.07249999046325684
0 0.6712499856948853 0.5987499952316284 0.047500014305114746 0.06749999523162842
0 0.9574999809265137 0.5337499976158142 0.025000035762786865 0.07249999046325684
