0 0.8949999809265137 0.6449999809265137 0.05500000715255737 0.16500002145767212
0 0.9550000429153442 0.6462500095367432 0.06499999761581421 0.17250001430511475
0 0.8174999952316284 0.637499988079071 0.07500004768371582 0.1549999713897705
0 0.7124999761581421 0.6337499618530273 0.05500000715255737 0.14749997854232788
0 0.7549999952316284 0.6462500095367432 0.07500004768371582 0.16750001907348633
0 0.7674999833106995 0.5262500047683716 0.019999980926513672 0.047500014305114746
9 0.8637499809265137 0.5587500333786011 0.037499964237213135 0.05249994993209839
9 0.9199999570846558 0.5375000238418579 0.030000030994415283 0.0350000262260437
5 0.1912499964237213 0.5387499928474426 0.042500004172325134 0.05750000476837158
5 0.23624999821186066 0.5325000286102295 0.04749998450279236 0.06000000238418579
