8 0.48250001668930054 0.6312500238418579 0.04999998211860657 0.13749998807907104
0 0.5199999809265137 0.5962499976158142 0.050000011920928955 0.1325000524520874
8 0.5625 0.5962499976158142 0.039999961853027344 0.1174999475479126
8 0.625 0.6062500476837158 0.0700000524520874 0.14749997854232788
8 0.6862499713897705 0.6137499809265137 0.04749995470046997 0.12250000238418579
4 0.35624998807907104 0.6187499761581421 0.06749999523162842 0.11750000715255737
4 0.24375000596046448 0.6274999976158142 0.0924999862909317 0.13499999046325684
4 0.1525000035762787 0.6225000023841858 0.10999999940395355 0.12000000476837158
1 0.14000000059604645 0.8162499666213989 0.2800000011920929 0.3525000214576721
4 0.057499997317790985 0.6187499761581421 0.0949999988079071 0.08750003576278687
