5 0.0973176509141922 0.4178984463214874 0.10414117574691772 0.083984375
1 0.8470588326454163 0.41379687190055847 0.29858827590942383 0.14009374380111694
7 0.4483882486820221 0.5774609446525574 0.2876470685005188 0.6200780868530273
0 0.720235288143158 0.35099220275878906 0.04729413986206055 0.07970312237739563
0 0.5728706121444702 0.3522343635559082 0.04159998893737793 0.08709374070167542
0 0.8075411319732666 0.3039296865463257 0.016917645931243896 0.03089064359664917
0 0.598552942276001 0.36032813787460327 0.030329465866088867 0.09312501549720764
0 0.15017646551132202 0.37854689359664917 0.08247058838605881 0.11053124070167542
0 0.8600353002548218 0.3125390410423279 0.021858811378479004 0.04864063858985901
0 0.8993881940841675 0.3075546622276306 0.016799986362457275 0.039765626192092896
0 0.7860234975814819 0.3328906297683716 0.036847054958343506 0.034281253814697266
0 0.35768234729766846 0.3414609432220459 0.045905888080596924 0.06239062547683716
0 0.5215294361114502 0.3326796889305115 0.038494110107421875 0.03857812285423279
0 0.7919058799743652 0.2979999780654907 0.02065885066986084 0.03659376502037048
1 0.6882352828979492 0.35078126192092896 0.16235291957855225 0.0703125
0 0.8164705634117126 0.33281248807907104 0.023529410362243652 0.018749982118606567
0 0.8341176509857178 0.3296875059604645 0.021176457405090332 0.018750011920928955
0 0.9141176342964172 0.31171876192092896 0.021176457405090332 0.04531249403953552
0 0.9211764335632324 0.30781251192092896 0.016470611095428467 0.04062500596046448
0 0.677647054195404 0.3023437261581421 0.01882350444793701 0.029687494039535522
0 0.6905882358551025 0.30390626192092896 0.01647055149078369 0.026562482118606567
