3 0.2540416717529297 0.4602343738079071 0.5044167041778564 0.6224687695503235
0 0.8078020811080933 0.6272500157356262 0.31831252574920654 0.49549999833106995
0 0.586552083492279 0.3833593726158142 0.04002082347869873 0.07621875405311584
0 0.5062083005905151 0.5650234222412109 0.15408331155776978 0.31145310401916504
0 0.6488333344459534 0.5224453210830688 0.156166672706604 0.3028281033039093
0 0.8990416526794434 0.43400001525878906 0.13625001907348633 0.13606250286102295
0 0.6426666378974915 0.35505467653274536 0.037833333015441895 0.04023435711860657
0 0.6952395439147949 0.3592578172683716 0.029187500476837158 0.05739063024520874
8 0.8524166345596313 0.3913906216621399 0.06454163789749146 0.07228124141693115
1 0.6677500009536743 0.3531249761581421 0.03275001049041748 0.01990625262260437
1 0.9053229093551636 0.32694530487060547 0.02318751811981201 0.023203134536743164
8 0.7576979398727417 0.40669530630111694 0.05222916603088379 0.0917656421661377
1 0.7103437185287476 0.3355468511581421 0.08235412836074829 0.015687495470046997
1 0.8888750076293945 0.3268203139305115 0.022208333015441895 0.020671874284744263
1 0.9387916326522827 0.32907813787460327 0.056250035762786865 0.029406249523162842
8 0.6867708563804626 0.3956640362739563 0.06645834445953369 0.06289061903953552
8 0.7221250534057617 0.394281268119812 0.046916663646698 0.09153124690055847
1 0.5833333730697632 0.34843748807907104 0.09166663885116577 0.03125
