0 0.14624999463558197 0.8037500381469727 0.17749999463558197 0.36250001192092896
0 0.26499998569488525 0.7587499618530273 0.10999999940395355 0.2574999928474426
0 0.9637500047683716 0.7250000238418579 0.07249999046325684 0.2800000309944153
0 0.4737499952316284 0.6274999976158142 0.047500014305114746 0.1549999713897705
0 0.18000000715255737 0.6262500286102295 0.0599999874830246 0.13249999284744263
0 0.30250000953674316 0.5575000047683716 0.034999996423721313 0.08000004291534424
0 0.10125000774860382 0.6274999976158142 0.06750000268220901 0.11000001430511475
0 0.042500000447034836 0.59375 0.0650000050663948 0.09749996662139893
0 0.20250000059604645 0.5737500190734863 0.04499998688697815 0.06749999523162842
0 0.11249999701976776 0.5587499737739563 0.03999999165534973 0.0625
0 0.4962500035762787 0.5287500023841858 0.017499983310699463 0.03750002384185791
0 0.5225000381469727 0.5399999618530273 0.020000040531158447 0.04500001668930054
