0 0.3824999928474426 0.7212499976158142 0.06000000238418579 0.22749996185302734
9 0.42250001430511475 0.6875 0.0650000274181366 0.15999996662139893
0 0.46000000834465027 0.6549999713897705 0.06999999284744263 0.16500002145767212
0 0.5512499809265137 0.5774999856948853 0.03249996900558472 0.06999999284744263
8 0.78125 0.5662499666213989 0.022500038146972656 0.04749995470046997
8 0.793749988079071 0.5800000429153442 0.03250002861022949 0.05500000715255737
8 0.8237500190734863 0.5887500047683716 0.03249996900558472 0.052500009536743164
8 0.8624999523162842 0.6399999856948853 0.04000002145767212 0.12999999523162842
8 0.8912500143051147 0.6625000238418579 0.0625 0.17500001192092896
8 0.9424999952316284 0.6912499666213989 0.06000000238418579 0.20750004053115845
1 0.6475000381469727 0.5275000333786011 0.06000000238418579 0.020000040531158447
