4 0.061250001192092896 0.6037499904632568 0.12250000238418579 0.11750000715255737
1 0.2175000011920929 0.6062500476837158 0.2799999713897705 0.13749998807907104
0 0.36500000953674316 0.6525000333786011 0.07500001788139343 0.16500002145767212
0 0.375 0.5449999570846558 0.019999980926513672 0.050000011920928955
0 0.4624999761581421 0.5425000190734863 0.03999999165534973 0.06499999761581421
2 0.6274999976158142 0.5262500047683716 0.04499995708465576 0.052500009536743164
0 0.5850000381469727 0.612500011920929 0.09499996900558472 0.12000000476837158
0 0.4612500071525574 0.7062499523162842 0.07749998569488525 0.2475000023841858
0 0.65625 0.7775000333786011 0.07249999046325684 0.3100000023841858
0 0.8774999976158142 0.8612500429153442 0.24500000476837158 0.2724999785423279
9 0.9637500047683716 0.6775000095367432 0.05750000476837158 0.06999999284744263
9 0.9862500429153442 0.7287499904632568 0.02249997854232788 0.11250001192092896
0 0.7287499904632568 0.5674999952316284 0.047500014305114746 0.09000003337860107
9 0.8837500214576721 0.6475000381469727 0.06749999523162842 0.08499997854232788
