1 0.14348438382148743 0.7374472618103027 0.2395000010728836 0.1553630232810974
1 0.07421875 0.8764051198959351 0.1484375 0.2471897006034851
1 0.78125 0.7059484720230103 0.0924375057220459 0.11278688907623291
1 0.9241093397140503 0.7439929842948914 0.14924997091293335 0.12751758098602295
1 0.8603281378746033 0.6921428442001343 0.09249997138977051 0.08105385303497314
1 0.751156210899353 0.6694496273994446 0.03868752717971802 0.04091334342956543
1 0.9587812423706055 0.8157260417938232 0.08243751525878906 0.1797892451286316
1 0.9419218897819519 0.6896487474441528 0.11549997329711914 0.06295078992843628
3 0.5184218883514404 0.6739578247070312 0.44478124380111694 0.29611241817474365
1 0.8374062776565552 0.6588876247406006 0.05574995279312134 0.02311474084854126
