0 0.06750000268220901 0.7749999761581421 0.08500000089406967 0.2850000262260437
0 0.13625000417232513 0.7962499856948853 0.10249999910593033 0.3075000047683716
0 0.12124999612569809 0.6050000190734863 0.05249999463558197 0.0899999737739563
0 0.4050000011920929 0.7787500023841858 0.07999998331069946 0.2775000333786011
0 0.36250001192092896 0.7099999785423279 0.04999998211860657 0.23500001430511475
0 0.34375 0.6875 0.06749999523162842 0.21500003337860107
0 0.4137499928474426 0.6387500166893005 0.03749999403953552 0.08749997615814209
0 0.45125001668930054 0.6949999928474426 0.04749998450279236 0.23000001907348633
4 0.5712499618530273 0.6599999666213989 0.0975000262260437 0.14500004053115845
0 0.48000001907348633 0.5850000381469727 0.03999999165534973 0.08499997854232788
0 0.6962499618530273 0.581250011920929 0.04249995946884155 0.09749996662139893
0 0.9049999713897705 0.5587499737739563 0.030000030994415283 0.05750000476837158
1 0.5800000429153442 0.5387499928474426 0.050000011920928955 0.04250001907348633
