1 0.7866953611373901 0.608313798904419 0.09210938215255737 0.10365337133407593
0 0.6993827819824219 0.5709718465805054 0.02854686975479126 0.055105388164520264
6 0.6478593349456787 0.5937939286231995 0.017968714237213135 0.04487121105194092
6 0.6712890863418579 0.5920491814613342 0.01851564645767212 0.03355967998504639
6 0.6738828420639038 0.5724356174468994 0.013359367847442627 0.025105416774749756
10 0.8345156311988831 0.5841100811958313 0.07121872901916504 0.10578453540802002
5 0.7458515763282776 0.5624473094940186 0.018453121185302734 0.05533957481384277
0 0.6256484389305115 0.581627607345581 0.02954685688018799 0.07332557439804077
0 0.6589140892028809 0.566405177116394 0.015765607357025146 0.04067915678024292
6 0.6226562261581421 0.5960187315940857 0.020312488079071045 0.04449653625488281
