1 0.9273281097412109 0.7971962690353394 0.14534372091293335 0.2749065160751343
3 0.5003984570503235 0.49005842208862305 0.5414218902587891 0.3773130476474762
0 0.7931015491485596 0.5726869106292725 0.023953139781951904 0.08060747385025024
10 0.14806249737739563 0.5069742798805237 0.1913750022649765 0.13558408617973328
1 0.0869453102350235 0.5198013782501221 0.10076561570167542 0.08717292547225952
10 0.873546838760376 0.5378738641738892 0.12834376096725464 0.07574766874313354
1 0.04577343910932541 0.46205607056617737 0.04742187634110451 0.028364479541778564
1 0.014656249433755875 0.458831787109375 0.01993750035762787 0.02130839228630066
10 0.15468749403953552 0.4497663378715515 0.11874999850988388 0.030373841524124146
1 0.9507812261581421 0.5490654110908508 0.029687464237213135 0.05140185356140137
