1 0.5149999856948853 0.47654613852500916 0.06006249785423279 0.07852870225906372
1 0.6642812490463257 0.4642643332481384 0.07175004482269287 0.08798003196716309
1 0.9057344198226929 0.44906485080718994 0.02678126096725464 0.04376557469367981
1 0.572992205619812 0.469501256942749 0.06214064359664917 0.06947627663612366
1 0.6049140691757202 0.4625561237335205 0.025421857833862305 0.04800501465797424
3 0.2456953078508377 0.4269576072692871 0.4913906157016754 0.642693281173706
0 0.7627577781677246 0.6237780451774597 0.134890615940094 0.4345885217189789
0 0.9387890696525574 0.4793391823768616 0.02870309352874756 0.11937656998634338
0 0.9770781397819519 0.4708603322505951 0.016968727111816406 0.06481295824050903
1 0.8241796493530273 0.4587531089782715 0.04279690980911255 0.06768080592155457
1 0.6294296979904175 0.4538653492927551 0.02373439073562622 0.065187007188797
10 0.9734375476837158 0.4588528871536255 0.050000011920928955 0.05985036492347717
1 0.8820312023162842 0.45137158036231995 0.035937488079071045 0.04987531900405884
1 0.699999988079071 0.4551122188568115 0.02187502384185791 0.05236905813217163
