1 0.3737500011920929 0.5262500047683716 0.06749999523162842 0.03250002861022949
8 0.7412500381469727 0.7012500166893005 0.08250004053115845 0.20749998092651367
8 0.8999999761581421 0.7699999809265137 0.13499999046325684 0.2900000214576721
0 0.8774999976158142 0.5837500095367432 0.04499995708465576 0.07749998569488525
4 0.5625 0.5475000143051147 0.06500005722045898 0.050000011920928955
0 0.7350000143051147 0.5499999523162842 0.0350000262260437 0.06999999284744263
4 0.8712500333786011 0.5199999809265137 0.04749995470046997 0.04500001668930054
0 0.015000000596046448 0.53125 0.019999999552965164 0.05750000476837158
0 0.057499997317790985 0.53125 0.01499999687075615 0.047500014305114746
2 0.13249999284744263 0.5074999928474426 0.0299999937415123 0.029999971389770508
1 0.5987499952316284 0.512499988079071 0.047500014305114746 0.019999980926513672
