0 0.01875000074505806 0.6324999928474426 0.03750000149011612 0.12999999523162842
1 0.051249999552965164 0.5774999856948853 0.10249999910593033 0.07499998807907104
0 0.38499999046325684 0.5687500238418579 0.025000005960464478 0.07249999046325684
0 0.4975000023841858 0.5750000476837158 0.04499998688697815 0.07499998807907104
0 0.53125 0.5824999809265137 0.027500033378601074 0.06999999284744263
0 0.5562499761581421 0.5824999809265137 0.02249997854232788 0.06499999761581421
2 0.6912499666213989 0.5612499713897705 0.11250001192092896 0.08750003576278687
0 0.5924999713897705 0.5600000023841858 0.025000035762786865 0.0549999475479126
2 0.8262500166893005 0.5325000286102295 0.08249998092651367 0.07499998807907104
10 0.8925000429153442 0.518750011920929 0.07499998807907104 0.05750000476837158
