0 0.38999998569488525 0.6100000143051147 0.04999998211860657 0.125
0 0.4287499785423279 0.5987499952316284 0.032499998807907104 0.11249995231628418
0 0.4975000023841858 0.5912500023841858 0.04999998211860657 0.10249996185302734
0 0.5525000095367432 0.612500011920929 0.034999966621398926 0.11500000953674316
0 0.7549999952316284 0.5912500023841858 0.04499995708465576 0.10749995708465576
0 0.6050000190734863 0.5724999904632568 0.025000035762786865 0.07999998331069946
1 0.9012500047683716 0.7725000381469727 0.19249999523162842 0.3199999928474426
1 0.3774999976158142 0.8324999809265137 0.7549999952316284 0.32999998331069946
4 0.9537500143051147 0.5762500166893005 0.08749997615814209 0.06749999523162842
2 0.7425000071525574 0.5299999713897705 0.08000004291534424 0.04000002145767212
1 0.6675000190734863 0.5262500047683716 0.06499999761581421 0.03250002861022949
