8 0.2475000023841858 0.5975000262260437 0.05500000715255737 0.12000000476837158
0 0.39125001430511475 0.6387499570846558 0.08250001072883606 0.14249998331069946
0 0.5199999809265137 0.6612499952316284 0.06499999761581421 0.1575000286102295
0 0.6087499856948853 0.5637500286102295 0.03250002861022949 0.09250003099441528
0 0.3087499737739563 0.5924999713897705 0.032499998807907104 0.0899999737739563
0 0.6287499666213989 0.6937500238418579 0.0975000262260437 0.19249999523162842
0 0.6812499761581421 0.6675000190734863 0.07750004529953003 0.18000000715255737
0 0.7787500023841858 0.625 0.03750002384185791 0.13999998569488525
0 0.8512499928474426 0.6924999952316284 0.07249999046325684 0.21500003337860107
0 0.42124998569488525 0.6012500524520874 0.03749999403953552 0.11750000715255737
4 0.45749998092651367 0.5737500190734863 0.03999999165534973 0.0625
1 0.7024999856948853 0.5737500190734863 0.08499997854232788 0.08750003576278687
