5 0.9898672103881836 0.7308372259140015 0.019546866416931152 0.09459906816482544
1 0.6004531383514404 0.7037028074264526 0.2487187683582306 0.28311318159103394
1 0.7846562266349792 0.6597641706466675 0.12650001049041748 0.17216980457305908
1 0.04084375128149986 0.8103301525115967 0.08168750256299973 0.37933963537216187
1 0.8465703129768372 0.6205778121948242 0.07273435592651367 0.11167454719543457
2 0.9140625 0.6160613298416138 0.034531235694885254 0.08995282649993896
1 0.9726640582084656 0.6159552335739136 0.026671886444091797 0.06488209962844849
1 0.15385156869888306 0.6287146210670471 0.07020313292741776 0.13290095329284668
1 0.9826953411102295 0.6070518493652344 0.031171858310699463 0.05018872022628784
1 0.04829687625169754 0.6385023593902588 0.09659375250339508 0.19257080554962158
1 0.10154686868190765 0.6229245662689209 0.04371874779462814 0.14207547903060913
3 0.4312499761581421 0.5872641801834106 0.3499999940395355 0.37264150381088257
