1 0.1450156271457672 0.46741822361946106 0.01803123950958252 0.027827084064483643
3 0.7028828263282776 0.4662967324256897 0.5942343473434448 0.5595561265945435
1 0.11770312488079071 0.46186918020248413 0.0062499940395355225 0.013785034418106079
1 0.17899999022483826 0.45780372619628906 0.023562505841255188 0.014252334833145142
1 0.36406248807907104 0.5163551568984985 0.06874999403953552 0.07009345293045044
5 0.3203125 0.5841121673583984 0.05624997615814209 0.21028035879135132
5 0.25859373807907104 0.5619158744812012 0.04531249403953552 0.15186914801597595
5 0.23828125 0.5443925261497498 0.029687508940696716 0.13084113597869873
5 0.21562500298023224 0.53387850522995 0.025000005960464478 0.09579440951347351
5 0.17031249403953552 0.519859790802002 0.021875008940696716 0.08644860982894897
5 0.15156251192092896 0.5023364424705505 0.01874999701976776 0.05607473850250244
5 0.12421874701976776 0.5128504633903503 0.026562504470348358 0.07242989540100098
1 0.12578125298023224 0.46612149477005005 0.017187505960464478 0.025700926780700684
2 0.16562500596046448 0.45093458890914917 0.02812500298023224 0.02803739905357361
5 0.6164062023162842 0.6285046339035034 0.11406248807907104 0.3925233483314514
5 0.19140625 0.524532675743103 0.0234375 0.09579437971115112
