1 0.23499999940395355 0.6187499761581421 0.16999998688697815 0.13749998807907104
1 0.1287499964237213 0.6000000238418579 0.07250000536441803 0.08499997854232788
1 0.0925000011920929 0.5712499618530273 0.0949999988079071 0.08750003576278687
0 0.6599999666213989 0.7074999809265137 0.06000000238418579 0.18000000715255737
0 0.5549999475479126 0.7100000381469727 0.07499998807907104 0.14500004053115845
0 0.45875000953674316 0.6687500476837158 0.032499998807907104 0.11250001192092896
0 0.48750001192092896 0.6737500429153442 0.04499998688697815 0.13749998807907104
0 0.5325000286102295 0.6499999761581421 0.04500001668930054 0.0899999737739563
0 0.5737500190734863 0.625 0.037499964237213135 0.10000002384185791
0 0.5987499952316284 0.6424999833106995 0.03250002861022949 0.125
0 0.7949999570846558 0.6812499761581421 0.06999999284744263 0.16749995946884155
0 0.6912499666213989 0.6187499761581421 0.04249995946884155 0.10750001668930054
0 0.6237499713897705 0.7574999928474426 0.07250005006790161 0.08500003814697266
0 0.5012500286102295 0.7475000023841858 0.08250001072883606 0.12000000476837158
2 0.8862500190734863 0.5674999952316284 0.13749998807907104 0.10500001907348633
