0 0.032499998807907104 0.5512499809265137 0.03999999910593033 0.08750003576278687
0 0.11624999344348907 0.5412499904632568 0.02250000089406967 0.06749999523162842
5 0.32749998569488525 0.5762500166893005 0.07000002264976501 0.052500009536743164
0 0.5325000286102295 0.5525000095367432 0.04000002145767212 0.07499998807907104
4 0.8837499618530273 0.5887500047683716 0.11750000715255737 0.08749997615814209
4 0.9624999761581421 0.5950000286102295 0.06999999284744263 0.07499998807907104
3 0.6812499761581421 0.5237500071525574 0.16749995946884155 0.04250001907348633
0 0.7137500047683716 0.5349999666213989 0.01750004291534424 0.04000002145767212
4 0.24250000715255737 0.5349999666213989 0.050000011920928955 0.04000002145767212
1 0.8462499976158142 0.5299999713897705 0.052500009536743164 0.020000040531158447
