1 0.6573281288146973 0.33225077390670776 0.2424687147140503 0.35483384132385254
0 0.8758749961853027 0.15613293647766113 0.034218788146972656 0.10247734934091568
0 0.9382812976837158 0.19335347414016724 0.051562488079071045 0.13897281885147095
0 0.20546874403953552 0.15709969401359558 0.0234375 0.18731117248535156
9 0.17421874403953552 0.18429002165794373 0.045312508940696716 0.19335347414016724
4 0.571093738079071 0.6722054481506348 0.47343751788139343 0.6495468616485596
4 0.35234376788139343 0.6057401895523071 0.38593751192092896 0.7522658109664917
4 0.19843749701976776 0.5483383536338806 0.2750000059604645 0.5951662063598633
4 0.09375 0.43957704305648804 0.18437498807907104 0.5226585865020752
4 0.84375 0.5815709829330444 0.3062499761581421 0.7341389656066895
4 0.78125 0.45619335770606995 0.265625 0.47129911184310913
4 0.3101562559604645 0.2628398835659027 0.08906251192092896 0.2296072393655777
4 0.746874988079071 0.31268882751464844 0.1312500238418579 0.25679755210876465
