1 0.5959062576293945 0.49994224309921265 0.03868746757507324 0.042886823415756226
1 0.9800312519073486 0.6257967948913574 0.039937496185302734 0.2035565972328186
1 0.629085898399353 0.4720669984817505 0.01592189073562622 0.025427252054214478
1 0.6422109603881836 0.4861316680908203 0.027109384536743164 0.034249454736709595
1 0.5874531269073486 0.4526327848434448 0.009874999523162842 0.012471139430999756
1 0.6133750081062317 0.447124719619751 0.009687542915344238 0.010230958461761475
3 0.7024609446525574 0.4515473544597626 0.09357810020446777 0.1463741660118103
0 0.8253437280654907 0.5026327967643738 0.010593712329864502 0.07090067863464355
0 0.9740155935287476 0.5317898392677307 0.03228121995925903 0.11669746041297913
0 0.9380311965942383 0.541443407535553 0.01703125238418579 0.066489577293396
0 0.8349843621253967 0.505346417427063 0.010375022888183594 0.06939956545829773
0 0.8433593511581421 0.5147459506988525 0.01496875286102295 0.07614314556121826
0 0.8088672161102295 0.5054734349250793 0.00967186689376831 0.06642031669616699
0 0.7938593626022339 0.5048845410346985 0.01590627431869507 0.06916859745979309
1 0.5978828072547913 0.4458082914352417 0.010390639305114746 0.009722858667373657
0 0.1031171903014183 0.5203579664230347 0.1608281284570694 0.6770669221878052
1 0.6248359680175781 0.4619399309158325 0.011453092098236084 0.018706709146499634
0 0.0390625 0.5969976782798767 0.078125 0.4411085546016693
1 0.5460937023162842 0.6385681629180908 0.035937488079071045 0.16397231817245483
0 0.910937488079071 0.5207852125167847 0.02499997615814209 0.11316394805908203
