11 0.8849999904632568 0.6299999952316284 0.07999998331069946 0.19499999284744263
0 0.731249988079071 0.5912500023841858 0.052500009536743164 0.1325000524520874
11 0.6899999976158142 0.5537500381469727 0.034999966621398926 0.08750003576278687
11 0.6200000047683716 0.5325000286102295 0.02499997615814209 0.06000000238418579
0 0.6487500071525574 0.6262500286102295 0.05750000476837158 0.13749998807907104
0 0.7775000333786011 0.5475000143051147 0.0350000262260437 0.07999998331069946
5 0.8500000238418579 0.5587500333786011 0.04500001668930054 0.08250004053115845
0 0.5887500047683716 0.5712499618530273 0.027500033378601074 0.10750001668930054
0 0.4350000023841858 0.5874999761581421 0.05500000715255737 0.12000000476837158
0 0.4775000214576721 0.5824999809265137 0.04499998688697815 0.11000001430511475
0 0.5249999761581421 0.5874999761581421 0.04000002145767212 0.10999995470046997
9 0.39249998331069946 0.5487499833106995 0.07000002264976501 0.06749999523162842
0 0.7150000333786011 0.512499988079071 0.01500004529953003 0.034999966621398926
0 0.6499999761581421 0.5225000381469727 0.01500004529953003 0.04500001668930054
0 0.17249999940395355 0.5449999570846558 0.030000001192092896 0.06999999284744263
3 0.8725000023841858 0.5412499904632568 0.25 0.18250000476837158
