1 0.6961327791213989 0.44718968868255615 0.03273433446884155 0.08922716975212097
5 0.8992890119552612 0.4988173246383667 0.021171867847442627 0.12437939643859863
0 0.968500018119812 0.6874473094940186 0.0598750114440918 0.6251053810119629
5 0.7729062438011169 0.4085245728492737 0.011749982833862305 0.04754099249839783
1 0.5894843339920044 0.447716623544693 0.034562528133392334 0.07744729518890381
1 0.7646719217300415 0.41228336095809937 0.011218726634979248 0.023442625999450684
1 0.8105156421661377 0.4074355959892273 0.010500013828277588 0.011498808860778809
10 0.5065625309944153 0.46487119793891907 0.14653125405311584 0.1428571343421936
1 0.6889296770095825 0.3994496464729309 0.025703132152557373 0.02180325984954834
1 0.13203124701976776 0.5936768054962158 0.26093748211860657 0.36768150329589844
1 0.7164062261581421 0.41451990604400635 0.026562511920928955 0.04683840274810791
0 0.703125 0.40515223145484924 0.00625002384185791 0.0281030535697937
0 0.7171875238418579 0.41451990604400635 0.009375035762786865 0.042154550552368164
5 0.8921874761581421 0.49297425150871277 0.06874996423721313 0.0960187315940857
1 0.640625 0.4133489429950714 0.02812504768371582 0.03981262445449829
5 0.15234375 0.641686201095581 0.25468748807907104 0.5948477387428284
5 0.663281261920929 0.4871194362640381 0.04843747615814209 0.23419201374053955
5 0.792187511920929 0.49297425150871277 0.046875 0.2084309458732605
5 0.7484375238418579 0.4437938928604126 0.03125 0.12880560755729675
