0 0.6575000286102295 0.6625000238418579 0.06999999284744263 0.20999997854232788
0 0.612500011920929 0.5974999666213989 0.029999971389770508 0.11499994993209839
5 0.8324999809265137 0.5462499856948853 0.07999998331069946 0.06749999523162842
0 0.7074999809265137 0.5637500286102295 0.0350000262260437 0.08250004053115845
0 0.2849999964237213 0.5425000190734863 0.019999980926513672 0.050000011920928955
0 0.5912500023841858 0.5587499737739563 0.022500038146972656 0.06749999523162842
0 0.32875001430511475 0.5412499904632568 0.01750001311302185 0.04250001907348633
0 0.34375 0.5399999618530273 0.012499988079071045 0.0350000262260437
9 0.5012500286102295 0.5475000143051147 0.0274999737739563 0.06499999761581421
0 0.6537500023841858 0.5387499928474426 0.022500038146972656 0.047500014305114746
2 0.027499999850988388 0.5699999928474426 0.04999999701976776 0.12000000476837158
