1 0.3054843842983246 0.4385104179382324 0.13596875965595245 0.09356248378753662
1 0.17343750596046448 0.4170624911785126 0.03437499701976776 0.06745833158493042
0 0.19374999403953552 0.4281250238418579 0.04999999701976776 0.13595834374427795
0 0.345101535320282 0.3984375 0.02045312523841858 0.047749996185302734
0 0.41465625166893005 0.4086354374885559 0.020687520503997803 0.09052082896232605
0 0.2291249930858612 0.40430206060409546 0.012125000357627869 0.051937490701675415
10 0.9347422122955322 0.47212499380111694 0.12885934114456177 0.20675000548362732
0 0.2387109398841858 0.402281254529953 0.0071093738079071045 0.026937484741210938
1 0.21654687821865082 0.4248541593551636 0.01534375548362732 0.03850001096725464
2 0.0837421864271164 0.43533334136009216 0.1674843728542328 0.21258336305618286
