0 0.2526171803474426 0.6935833096504211 0.48335936665534973 0.3996666371822357
0 0.09823437035083771 0.856052041053772 0.09818749874830246 0.2878958582878113
0 0.7409374713897705 0.8273957967758179 0.06515628099441528 0.3452083468437195
0 0.870296835899353 0.735072910785675 0.07349997758865356 0.22693753242492676
0 0.16032031178474426 0.8392812609672546 0.09498437494039536 0.3214374780654907
0 0.1679999977350235 0.7046458721160889 0.039937496185302734 0.07879167795181274
1 0.7074609398841858 0.7352708578109741 0.04485940933227539 0.08754163980484009
0 0.10102343559265137 0.7148333787918091 0.04035937786102295 0.07141667604446411
0 0.9125000238418579 0.8302083015441895 0.171875 0.33541661500930786
0 0.8203125 0.7979166507720947 0.03125 0.2875000238418579
10 0.578125 0.643750011920929 0.21875 0.3291666805744171
6 0.19140625 0.8354166746139526 0.0390625 0.25833332538604736
9 0.01328125037252903 0.828125 0.0234375 0.08958327770233154
9 0.02656250074505806 0.8927083015441895 0.05312500149011612 0.11875003576278687
