0 0.7823656797409058 0.8047811985015869 0.01886361837387085 0.028531253337860107
0 0.7769525051116943 0.9085312485694885 0.051219046115875244 0.0856250524520874
0 0.8474069833755493 0.789789080619812 0.025392591953277588 0.04520314931869507
0 0.4840909242630005 0.8248906135559082 0.019669443368911743 0.05421876907348633
0 0.5431095361709595 0.8111327886581421 0.024648725986480713 0.04210937023162842
0 0.3519628047943115 0.8325077891349792 0.024214863777160645 0.05860936641693115
0 0.30076444149017334 0.9368046522140503 0.040247946977615356 0.0932655930519104
0 0.3724173307418823 0.9371562004089355 0.048140496015548706 0.09321874380111694
6 0.7083368301391602 0.9107577800750732 0.02865701913833618 0.06264060735702515
0 0.5993285179138184 0.8106015920639038 0.022541284561157227 0.04057806730270386
0 0.506859540939331 0.8222421407699585 0.020991742610931396 0.05785936117172241
2 0.8772314190864563 0.9087656140327454 0.17528927326202393 0.06446874141693115
3 0.08884297311306 0.8187500238418579 0.17768594622612 0.059374988079071045
0 0.15909090638160706 0.82421875 0.03305785357952118 0.05781245231628418
1 0.9328511953353882 0.9437500238418579 0.13016527891159058 0.043749988079071045
0 0.741735577583313 0.910937488079071 0.045454561710357666 0.078125
