0 0.13749998807907104 0.7462500333786011 0.11499999463558197 0.2724999785423279
4 0.9662500023841858 0.5699999928474426 0.0625 0.08500003814697266
4 0.9099999666213989 0.565000057220459 0.050000011920928955 0.06000000238418579
9 0.6512500047683716 0.7037500143051147 0.08249998092651367 0.13249999284744263
9 0.6399999856948853 0.6512500047683716 0.04000002145767212 0.0625
9 0.5512499809265137 0.6737499833106995 0.052500009536743164 0.07249999046325684
9 0.4112499952316284 0.6525000333786011 0.047500014305114746 0.08499997854232788
9 0.3349999785423279 0.6487500071525574 0.04499998688697815 0.07249999046325684
9 0.375 0.6274999976158142 0.04500001668930054 0.04999995231628418
9 0.22749999165534973 0.6225000023841858 0.04500000178813934 0.04499995708465576
9 0.29750001430511475 0.6212500333786011 0.04999998211860657 0.04749995470046997
9 0.19750000536441803 0.675000011920929 0.06499999761581421 0.12000000476837158
