1 0.7798281311988831 0.5444942712783813 0.18603122234344482 0.33620691299438477
1 0.5818984508514404 0.3807126581668854 0.19301560521125793 0.21742528676986694
1 0.20536719262599945 0.3716781735420227 0.09792187809944153 0.21075859665870667
1 0.759695291519165 0.47891953587532043 0.2118281126022339 0.3587586283683777
1 0.6995625495910645 0.42774713039398193 0.1368125081062317 0.3435862064361572
1 0.23792186379432678 0.28896552324295044 0.11574999988079071 0.17241378128528595
1 0.25740623474121094 0.18674713373184204 0.06318750977516174 0.08820690214633942
2 0.29762500524520874 0.1658620685338974 0.0768750011920929 0.08409195393323898
1 0.640554666519165 0.23542527854442596 0.13926559686660767 0.06611493229866028
3 0.08054687827825546 0.3820574879646301 0.16109375655651093 0.7607126235961914
0 0.8912343978881836 0.5887700915336609 0.07484370470046997 0.3550574481487274
0 0.9256484508514404 0.4720574617385864 0.05235934257507324 0.2567586600780487
0 0.9832109212875366 0.3568505644798279 0.0319218635559082 0.2071264386177063
0 0.916515588760376 0.2530229985713959 0.034187495708465576 0.08296550810337067
10 0.45592188835144043 0.27656322717666626 0.16343751549720764 0.3370804488658905
3 0.4069296717643738 0.17349426448345184 0.11701563000679016 0.1956321895122528
0 0.8003202676773071 0.24511495232582092 0.03617185354232788 0.1487126499414444
1 0.217835932970047 0.17450574040412903 0.07323437929153442 0.08032183349132538
2 0.5988047122955322 0.20962068438529968 0.10020309686660767 0.1007586121559143
5 0.5804687738418579 0.6045976877212524 0.09531253576278687 0.3448275923728943
7 0.44921875 0.6793103218078613 0.1484375 0.43908044695854187
0 0.967968761920929 0.23908045887947083 0.06406247615814209 0.10574711859226227
0 0.9140625 0.3459770083427429 0.10312497615814209 0.19999998807907104
0 0.8460937738418579 0.23103448748588562 0.035937488079071045 0.11724138259887695
