5 0.612804651260376 0.629031240940094 0.18689066171646118 0.3204375207424164
1 0.8871484398841858 0.5424270629882812 0.22570312023162842 0.1290625035762787
1 0.6665546894073486 0.5328645706176758 0.07645308971405029 0.07406246662139893
3 0.38750001788139343 0.523562490940094 0.768750011920929 0.7596250176429749
8 0.07614844292402267 0.6955103874206543 0.1320781260728836 0.5191041827201843
8 0.10324999690055847 0.5071458220481873 0.03221874684095383 0.14875003695487976
9 0.7063359022140503 0.5184895992279053 0.01135939359664917 0.029520809650421143
8 0.2593749761581421 0.7052083015441895 0.14687499403953552 0.5104166865348816
1 0.7734375 0.5458333492279053 0.02812504768371582 0.04583334922790527
0 0.80078125 0.49791666865348816 0.02656245231628418 0.04166668653488159
