1 0.9837890863418579 0.7740866541862488 0.032421886920928955 0.3050351142883301
2 0.21525782346725464 0.5509250164031982 0.1775156408548355 0.12817329168319702
3 0.6124609708786011 0.44763463735580444 0.5052656531333923 0.7842622995376587
8 0.13842186331748962 0.6454917788505554 0.05043749511241913 0.26030445098876953
8 0.1707421839237213 0.6320725679397583 0.04951561987400055 0.26330214738845825
8 0.06401562690734863 0.6341569423675537 0.04674999788403511 0.23070257902145386
0 0.230593740940094 0.6385948657989502 0.04318748414516449 0.19999998807907104
3 0.9094609022140503 0.47031617164611816 0.11448436975479126 0.39922717213630676
8 0.2859218716621399 0.6236767768859863 0.03953123092651367 0.2313348650932312
8 0.3173750042915344 0.6267681121826172 0.04606249928474426 0.2534894347190857
0 0.02260156162083149 0.6354215145111084 0.04520312324166298 0.2535129189491272
0 0.10781250149011612 0.5529742240905762 0.04403124749660492 0.11367678642272949
8 0.20478124916553497 0.6497072577476501 0.04634374380111694 0.23028099536895752
3 0.24562498927116394 0.44489461183547974 0.056218743324279785 0.09451991319656372
3 0.9797734022140503 0.4595550298690796 0.04045313596725464 0.5146136283874512
3 0.319085955619812 0.4652693271636963 0.03973439335823059 0.10140514373779297
