1 0.9299921989440918 0.6375104188919067 0.13810938596725464 0.09318745136260986
1 0.5041640400886536 0.6148645877838135 0.05204686522483826 0.04256248474121094
4 0.8257812261581421 0.7583333253860474 0.17656248807907104 0.3374999761581421
4 0.6218750476837158 0.7177083492279053 0.12812501192092896 0.23541665077209473
5 0.4867187440395355 0.6947916746139526 0.07343751192092896 0.16041666269302368
4 0.6953125 0.6822916269302368 0.06562495231628418 0.1770833134651184
4 0.421875 0.6635416746139526 0.059374988079071045 0.13958334922790527
4 0.37031251192092896 0.6499999761581421 0.0625 0.125
0 0.610156238079071 0.6083333492279053 0.02968752384185791 0.07499998807907104
0 0.5859375 0.5833333730697632 0.015625 0.02916663885116577
0 0.59375 0.6041666865348816 0.015625 0.05416667461395264
4 0.53125 0.6458333730697632 0.05624997615814209 0.12916666269302368
0 0.5546875 0.5989583730697632 0.015625 0.05208331346511841
0 0.5695312023162842 0.5874999761581421 0.020312488079071045 0.025000035762786865
4 0.22031250596046448 0.6083333492279053 0.024999991059303284 0.0625
