0 0.8262500166893005 0.7137500047683716 0.08249998092651367 0.2574999928474426
0 0.7112499475479126 0.7024999856948853 0.1274999976158142 0.20999997854232788
0 0.9325000047683716 0.8387500047683716 0.13499999046325684 0.3125
4 0.4312500059604645 0.7237499952316284 0.13249999284744263 0.1875
0 0.23749999701976776 0.6087499856948853 0.04999998211860657 0.13249999284744263
4 0.3487499952316284 0.6424999833106995 0.1574999988079071 0.12999999523162842
1 0.06624999642372131 0.5587499737739563 0.10249999910593033 0.0625
2 0.2762500047683716 0.5487499833106995 0.08249999582767487 0.07249999046325684
1 0.1237500011920929 0.5399999618530273 0.047499991953372955 0.0350000262260437
4 0.3700000047683716 0.699999988079071 0.06499999761581421 0.09500002861022949
