1 0.4790799915790558 0.644231915473938 0.14135998487472534 0.2043071985244751
3 0.7394499778747559 0.494171679019928 0.236020028591156 0.2749096155166626
3 0.35679998993873596 0.39995479583740234 0.032920002937316895 0.07039156556129456
0 0.04058999940752983 0.5062650442123413 0.029500000178813934 0.10506021976470947
8 0.22499999403953552 0.49000000953674316 0.027360007166862488 0.08626508712768555
8 0.2556300163269043 0.4878312945365906 0.01534000039100647 0.08234938979148865
0 0.562190055847168 0.458734929561615 0.011979997158050537 0.05795180797576904
1 0.423799991607666 0.4288102388381958 0.025799989700317383 0.03454819321632385
3 0.4752199947834015 0.41573795676231384 0.05008000135421753 0.08852410316467285
10 0.4339100122451782 0.39683735370635986 0.021100014448165894 0.03771084547042847
0 0.6027300357818604 0.46637046337127686 0.010459959506988525 0.05406627058982849
0 0.13328999280929565 0.4902861416339874 0.014020010828971863 0.07593375444412231
0 0.16541999578475952 0.4770331382751465 0.016839995980262756 0.06159639358520508
