10 0.7015625238418579 0.84456467628479 0.171875 0.22235292196273804
1 0.7392500042915344 0.5826117396354675 0.11912500858306885 0.13359999656677246
1 0.4399062395095825 0.8667294383049011 0.15456247329711914 0.20536470413208008
1 0.6223281621932983 0.439176470041275 0.0744062066078186 0.10748237371444702
1 0.944015622138977 0.44923532009124756 0.08734375238418579 0.14552941918373108
1 0.9146327972412109 0.4273764491081238 0.07645314931869507 0.11762353777885437
1 0.48107030987739563 0.5044587850570679 0.05004686117172241 0.11239999532699585
1 0.33162498474121094 0.5493764877319336 0.07731249928474426 0.12623527646064758
10 0.9771953225135803 0.1625646948814392 0.04542183876037598 0.11679999530315399
1 0.1614374965429306 0.474611759185791 0.09071874618530273 0.13040003180503845
1 0.32785937190055847 0.2315058708190918 0.04653126001358032 0.06757645308971405
1 0.968625009059906 0.4692588448524475 0.06274998188018799 0.16030588746070862
10 0.41248437762260437 0.2062000036239624 0.057906270027160645 0.06778822839260101
1 0.9576171636581421 0.2982941269874573 0.08476561307907104 0.11032940447330475
2 0.15625 0.2588235139846802 0.06874999403953552 0.11294117569923401
1 0.16015625 0.6964706182479858 0.13906249403953552 0.21176475286483765
1 0.3687499761581421 0.9729411602020264 0.16562500596046448 0.049411773681640625
10 0.8968750238418579 0.7070587873458862 0.17500001192092896 0.19999998807907104
1 0.9007812738418579 0.3952941298484802 0.07968753576278687 0.10823526978492737
1 0.98046875 0.3576470613479614 0.0390625 0.05647057294845581
1 0.879687488079071 0.3705882430076599 0.07187497615814209 0.10588234663009644
1 0.83203125 0.3199999928474426 0.08281254768371582 0.11294117569923401
1 0.893750011920929 0.29058822989463806 0.05624997615814209 0.07294118404388428
1 0.7749999761581421 0.3058823347091675 0.056250035762786865 0.08941176533699036
1 0.7601562738418579 0.26588237285614014 0.06718748807907104 0.08941176533699036
1 0.7062499523162842 0.2541176378726959 0.043749988079071045 0.08470587432384491
1 0.930468738079071 0.23058822751045227 0.06093752384185791 0.06117646396160126
1 0.9750000238418579 0.24352940917015076 0.046875 0.040000006556510925
1 0.8695312738418579 0.2647058963775635 0.0546875 0.058823540806770325
1 0.6812499761581421 0.23647058010101318 0.040625035762786865 0.06352941691875458
1 0.6476562023162842 0.21176470816135406 0.042187511920928955 0.0658823549747467
1 0.62109375 0.21176470816135406 0.02656245231628418 0.06117647886276245
1 0.6039062738418579 0.1976470649242401 0.042187511920928955 0.06117646396160126
1 0.586718738079071 0.1764705926179886 0.04531252384185791 0.0658823549747467
1 0.5640624761581421 0.1670588254928589 0.021874964237213135 0.047058820724487305
1 0.555468738079071 0.1505882441997528 0.03281247615814209 0.03294117748737335
1 0.5445312261581421 0.14588235318660736 0.035937488079071045 0.0376470685005188
1 0.5218750238418579 0.12823529541492462 0.043749988079071045 0.05411764979362488
1 0.4921875 0.11411765217781067 0.03437498211860657 0.03999999910593033
1 0.96484375 0.958823561668396 0.0703125 0.08235293626785278
1 0.32421875 0.47647058963775635 0.0859375 0.11529409885406494
1 0.5960937738418579 0.3647058606147766 0.020312488079071045 0.05176469683647156
2 0.2945312559604645 0.338823527097702 0.07343751192092896 0.1317647099494934
1 0.2578125 0.2670588195323944 0.0625 0.06352941691875458
2 0.25312501192092896 0.21764707565307617 0.05625000596046448 0.08235295116901398
1 0.23906250298023224 0.20941177010536194 0.04062500596046448 0.0752941220998764
1 0.22968749701976776 0.1952941119670868 0.03749999403953552 0.06117646396160126
1 0.21718749403953552 0.1729411780834198 0.037500008940696716 0.049411773681640625
1 0.29218751192092896 0.15176470577716827 0.03437498211860657 0.049411773681640625
1 0.2789062559604645 0.1317647099494934 0.035937488079071045 0.051764704287052155
10 0.2601562738418579 0.10117647051811218 0.03281250596046448 0.047058820724487305
10 0.22343750298023224 0.14588235318660736 0.04062500596046448 0.0376470685005188
1 0.18906250596046448 0.135294109582901 0.037500008940696716 0.06352941691875458
1 0.45703125 0.2388235330581665 0.051562488079071045 0.06823529303073883
1 0.47968751192092896 0.2823529541492462 0.04999998211860657 0.07999999821186066
1 0.3570312261581421 0.3023529648780823 0.014062494039535522 0.07764706015586853
1 0.3609375059604645 0.26941177248954773 0.043749988079071045 0.07294118404388428
1 0.3695312440395355 0.2235293984413147 0.042187511920928955 0.03294117748737335
1 0.41874998807907104 0.16823530197143555 0.04375001788139343 0.02588234841823578
1 0.38359373807907104 0.16470587253570557 0.04531249403953552 0.056470587849617004
1 0.3531249761581421 0.13647058606147766 0.03749999403953552 0.047058820724487305
1 0.34843748807907104 0.11882352828979492 0.03437498211860657 0.05411764979362488
1 0.27265626192092896 0.11764705181121826 0.029687494039535522 0.042352937161922455
1 0.3304687738418579 0.11058823764324188 0.029687494039535522 0.04235294461250305
1 0.3187499940395355 0.0941176488995552 0.03125 0.04235294461250305
1 0.31171876192092896 0.08588235080242157 0.0234375 0.03999999910593033
1 0.2554687559604645 0.0882352963089943 0.032812491059303284 0.05411764979362488
1 0.23984375596046448 0.07176470756530762 0.026562511920928955 0.03999999910593033
1 0.28203123807907104 0.061176471412181854 0.0078125 0.03294117748737335
1 0.2749999761581421 0.048235293477773666 0.021874994039535522 0.03058823198080063
1 0.2710937559604645 0.0376470573246479 0.0234375 0.03294117748737335
1 0.14609375596046448 0.048235293477773666 0.0234375 0.03058823198080063
3 0.14218750596046448 0.024705883115530014 0.024999991059303284 0.03529411554336548
2 0.1484375 0.01764705963432789 0.021874994039535522 0.03529411926865578
1 0.19687500596046448 0.06823529303073883 0.024999991059303284 0.014117643237113953
1 0.19687500596046448 0.08352941274642944 0.02812500298023224 0.021176472306251526
1 0.25468748807907104 0.034117646515369415 0.012500017881393433 0.025882354006171227
1 0.26171875 0.01882352866232395 0.020312488079071045 0.014117646031081676
4 0.20468750596046448 0.056470587849617004 0.006250008940696716 0.014117643237113953
4 0.26875001192092896 0.6094117760658264 0.04375000298023224 0.14117646217346191
4 0.24531249701976776 0.8517646789550781 0.05625000596046448 0.188235342502594
4 0.15937501192092896 0.8894118070602417 0.06562499701976776 0.20235294103622437
4 0.15468749403953552 0.09176470339298248 0.015625 0.042352937161922455
4 0.16328126192092896 0.06000000238418579 0.010937497019767761 0.03529411926865578
4 0.16249999403953552 0.029411764815449715 0.006250008940696716 0.025882352143526077
1 0.20624999701976776 0.10941176861524582 0.046875 0.040000006556510925
4 0.0390625 0.2800000011920929 0.04062499850988388 0.06588234007358551
4 0.28593748807907104 0.08588235080242157 0.012500017881393433 0.03529411554336548
4 0.20937499403953552 0.04117646813392639 0.012500002980232239 0.030588235706090927
0 0.9203125238418579 0.36000001430511475 0.021874964237213135 0.02352944016456604
