0 0.6299999952316284 0.8162499666213989 0.1899999976158142 0.29249995946884155
0 0.6712499856948853 0.6962499618530273 0.10750001668930054 0.21250003576278687
0 0.16624999046325684 0.6625000238418579 0.05249999463558197 0.15500003099441528
2 0.38999998569488525 0.78125 0.3400000035762787 0.41750001907348633
10 0.20624999701976776 0.5550000071525574 0.20250001549720764 0.19999995827674866
0 0.518750011920929 0.5662500262260437 0.027500033378601074 0.0625
0 0.5525000095367432 0.5587499737739563 0.02499997615814209 0.06749999523162842
0 0.6112500429153442 0.5600000023841858 0.0274999737739563 0.0700000524520874
0 0.8975000381469727 0.5700000524520874 0.030000030994415283 0.07499998807907104
0 0.7637499570846558 0.5525000095367432 0.03249996900558472 0.06999999284744263
