1 0.19779688119888306 0.5243325233459473 0.05678124725818634 0.06810304522514343
1 0.12303906679153442 0.5063349008560181 0.04254687577486038 0.04573774337768555
1 0.10070312768220901 0.49690866470336914 0.03309375047683716 0.04529273509979248
3 0.40647658705711365 0.4895784556865692 0.3648906350135803 0.31545668840408325
3 0.1817265748977661 0.4709484875202179 0.09117187559604645 0.0529976487159729
1 0.16855469346046448 0.5011943578720093 0.03473438322544098 0.039250582456588745
1 0.7699922323226929 0.507084310054779 0.09107810258865356 0.04213115572929382
2 0.890625 0.49302107095718384 0.1499999761581421 0.07269319891929626
2 0.7118359208106995 0.49920374155044556 0.0905156135559082 0.05470725893974304
1 0.6149609088897705 0.5064168572425842 0.05635935068130493 0.044590145349502563
1 0.043140627443790436 0.4948243498802185 0.028843749314546585 0.032646387815475464
1 0.6630547046661377 0.5053396224975586 0.03170311450958252 0.040515244007110596
1 0.055953122675418854 0.4802576005458832 0.02850000187754631 0.03915691375732422
