1 0.899289071559906 0.6297603845596313 0.201421856880188 0.14918750524520874
1 0.8702343702316284 0.4274374842643738 0.030562520027160645 0.04504165053367615
1 0.8424218893051147 0.4204791784286499 0.02278125286102295 0.020666688680648804
1 0.8162422180175781 0.4230104088783264 0.02601557970046997 0.04977083206176758
4 0.861132800579071 0.8449479341506958 0.259765625 0.3101041913032532
4 0.25727343559265137 0.504729151725769 0.07323437929153442 0.10920831561088562
3 0.5494375228881836 0.36405208706855774 0.5157187581062317 0.5797708630561829
0 0.14976562559604645 0.464385449886322 0.05478125810623169 0.13956251740455627
0 0.1084296852350235 0.45357292890548706 0.030015625059604645 0.10985413193702698
1 0.9297187328338623 0.4156875014305115 0.06318747997283936 0.03925001621246338
1 0.24062499403953552 0.47499996423721313 0.09375 0.10833331942558289
4 0.05859375 0.49375003576278687 0.11406250298023224 0.20416668057441711
