2 0.8860000371932983 0.3990771174430847 0.10703128576278687 0.0904906690120697
0 0.18532030284404755 0.5603271126747131 0.17985936999320984 0.6116821765899658
0 0.7251562476158142 0.4335046708583832 0.011500000953674316 0.041728973388671875
0 0.7549219131469727 0.43276870250701904 0.015031278133392334 0.038200944662094116
0 0.5617812871932983 0.5462733507156372 0.19300001859664917 0.7964252233505249
0 0.9450547099113464 0.4101051390171051 0.01042187213897705 0.05586451292037964
0 0.4736406207084656 0.48656541109085083 0.029406249523162842 0.18668222427368164
1 0.9730859398841858 0.40921729803085327 0.05382812023162842 0.06100466847419739
0 0.6546875238418579 0.44072431325912476 0.013750016689300537 0.03757008910179138
0 0.6904844045639038 0.43557244539260864 0.014249980449676514 0.042453259229660034
0 0.36796873807907104 0.5735981464385986 0.20468750596046448 0.7640186548233032
