0 0.1262499988079071 0.6974999904632568 0.07249999046325684 0.19999998807907104
0 0.20124998688697815 0.5950000286102295 0.04749999940395355 0.09499996900558472
0 0.03374999761581421 0.6575000286102295 0.0624999962747097 0.18000000715255737
0 0.29374998807907104 0.6399999856948853 0.05750000476837158 0.13999998569488525
0 0.2462500035762787 0.5824999809265137 0.03249998390674591 0.08499997854232788
0 0.53125 0.6387499570846558 0.03750002384185791 0.1274999976158142
0 0.5550000071525574 0.612500011920929 0.02499997615814209 0.11000001430511475
1 0.6949999928474426 0.581250011920929 0.09500002861022949 0.08749997615814209
1 0.8299999833106995 0.6200000047683716 0.13499999046325684 0.11000001430511475
4 0.8149999976158142 0.7962499856948853 0.1499999761581421 0.35750001668930054
4 0.9674999713897705 0.5962499976158142 0.06000000238418579 0.09249997138977051
5 0.5962499976158142 0.5750000476837158 0.052500009536743164 0.04500001668930054
2 0.7024999856948853 0.5275000333786011 0.06999999284744263 0.0350000262260437
2 0.7562500238418579 0.5462499856948853 0.037499964237213135 0.052500009536743164
