0 0.05364406853914261 0.8928202986717224 0.057845041155815125 0.10292184352874756
0 0.1023002415895462 0.8966484069824219 0.03840193152427673 0.09632807970046997
0 0.13346245884895325 0.8948359489440918 0.047990307211875916 0.09904688596725464
0 0.18058110773563385 0.8879218697547913 0.0324939489364624 0.11334371566772461
0 0.3131476938724518 0.8892812728881836 0.03016948699951172 0.06921875476837158
0 0.2557747960090637 0.8536875247955322 0.022154957056045532 0.03624999523162842
0 0.08990314602851868 0.8416249752044678 0.030169494450092316 0.019468724727630615
1 0.701053261756897 0.9105625152587891 0.055423736572265625 0.08415627479553223
1 0.98372882604599 0.8616015911102295 0.03254234790802002 0.060359418392181396
0 0.22613802552223206 0.8495234251022339 0.027094438672065735 0.02251565456390381
2 0.839709460735321 0.8687890768051147 0.2712348699569702 0.1971094012260437
0 0.2848305106163025 0.8881171941757202 0.04631960391998291 0.09529685974121094
0 0.15375302731990814 0.8648437261581421 0.031477004289627075 0.057812511920928955
