8 0.05374999716877937 0.7612500190734863 0.10249999910593033 0.32749998569488525
0 0.1262499988079071 0.6150000095367432 0.08749999850988388 0.1499999761581421
8 0.11374999582767487 0.8450000286102295 0.16249999403953552 0.3100000023841858
0 0.3362500071525574 0.856249988079071 0.16249999403953552 0.2825000286102295
8 0.4287499785423279 0.7975000143051147 0.08750000596046448 0.36000001430511475
0 0.29500001668930054 0.7137500047683716 0.09000000357627869 0.20749998092651367
8 0.4925000071525574 0.6962500214576721 0.054999977350234985 0.1875
0 0.45375001430511475 0.5800000429153442 0.04249998927116394 0.08499997854232788
0 0.32375001907348633 0.5987499952316284 0.07250002026557922 0.09249997138977051
0 0.2549999952316284 0.6237499713897705 0.06000000238418579 0.13249999284744263
8 0.21875 0.7225000262260437 0.0625 0.2549999952316284
0 0.3700000047683716 0.6000000238418579 0.06000000238418579 0.09999996423721313
3 0.10249999910593033 0.5475000143051147 0.20499999821186066 0.17499998211860657
3 0.59375 0.5350000262260437 0.7825000286102295 0.2550000250339508
0 0.7162500023841858 0.6937500238418579 0.0625 0.2225000262260437
9 0.8075000047683716 0.6399999856948853 0.06999999284744263 0.08499997854232788
0 0.9049999713897705 0.6787500381469727 0.07999998331069946 0.20750004053115845
