9 0.13625000417232513 0.6487500071525574 0.06750000268220901 0.09249997138977051
9 0.2175000011920929 0.668749988079071 0.07999999821186066 0.08749997615814209
9 0.29374998807907104 0.6299999952316284 0.05750000476837158 0.06999999284744263
9 0.21875 0.6299999952316284 0.0625 0.06000000238418579
9 0.35874998569488525 0.6612499952316284 0.0675000250339508 0.08249998092651367
9 0.45125001668930054 0.65625 0.057499974966049194 0.09749996662139893
9 0.5475000143051147 0.6475000381469727 0.05500000715255737 0.09999996423721313
9 0.5987499952316284 0.6162499785423279 0.047500014305114746 0.07249999046325684
9 0.5112500190734863 0.606249988079071 0.04250001907348633 0.047500014305114746
0 0.8662500381469727 0.5637500286102295 0.03249996900558472 0.08250004053115845
5 0.6074999570846558 0.7912499904632568 0.18000000715255737 0.20749998092651367
4 0.7925000190734863 0.7050000429153442 0.12999999523162842 0.1600000262260437
9 0.4125000238418579 0.6162500381469727 0.034999996423721313 0.04249995946884155
9 0.3387500047683716 0.6150000095367432 0.04250001907348633 0.050000011920928955
