1 0.22318750619888306 0.5136249661445618 0.4463750123977661 0.9505277276039124
1 0.34192967414855957 0.4359583258628845 0.30210939049720764 0.773027777671814
1 0.514468789100647 0.35236111283302307 0.0480312705039978 0.15638887882232666
1 0.5298124551773071 0.3517916798591614 0.03987497091293335 0.13641664385795593
0 0.8350546956062317 0.27162498235702515 0.0748281478881836 0.3173055350780487
0 0.7838671803474426 0.2777499854564667 0.05189061164855957 0.28522223234176636
0 0.9786328077316284 0.21073612570762634 0.03751564025878906 0.2887499928474426
0 0.90625 0.2563333511352539 0.07500004768371582 0.3762222230434418
0 0.9490624666213989 0.246402770280838 0.03309375047683716 0.20113889873027802
0 0.7602109313011169 0.2786666750907898 0.032203078269958496 0.20827777683734894
1 0.49458593130111694 0.4280833601951599 0.06892189383506775 0.2384444773197174
1 0.1237500011920929 0.7470555305480957 0.2475000023841858 0.5011667013168335
1 0.542242169380188 0.3320833444595337 0.028421878814697266 0.11027777194976807
