4 0.3087500035762787 0.6024999618530273 0.052500009536743164 0.09999996423721313
1 0.28125 0.5824999809265137 0.07749998569488525 0.06999999284744263
1 0.4074999988079071 0.6299999952316284 0.13999998569488525 0.12999999523162842
2 0.5799999833106995 0.5799999833106995 0.1499999761581421 0.11500000953674316
1 0.8274999856948853 0.800000011920929 0.3399999737739563 0.39499998092651367
4 0.7649999856948853 0.5800000429153442 0.10000002384185791 0.06499999761581421
4 0.8324999809265137 0.5774999856948853 0.0899999737739563 0.06000000238418579
4 0.9137500524520874 0.59375 0.12250000238418579 0.0625
0 0.9700000286102295 0.5512499809265137 0.04000002145767212 0.0625
1 0.33375000953674316 0.5512499809265137 0.04749998450279236 0.03249996900558472
1 0.46875 0.5525000095367432 0.0625 0.05500000715255737
3 0.3387500047683716 0.5099999904632568 0.052500009536743164 0.050000011920928955
1 0.39375001192092896 0.5550000071525574 0.0625 0.029999971389770508
1 0.42624998092651367 0.5425000190734863 0.027500003576278687 0.04000002145767212
