1 0.7816406488418579 0.7433450222015381 0.10221874713897705 0.08368545770645142
10 0.6101562976837158 0.7094600796699524 0.15290623903274536 0.24549293518066406
1 0.5076718330383301 0.7619013786315918 0.0288124680519104 0.08230048418045044
1 0.9901406168937683 0.7748708724975586 0.01971876621246338 0.06424885988235474
0 0.31766408681869507 0.780633807182312 0.033140629529953 0.2115023136138916
0 0.17889843881130219 0.8134506940841675 0.06914061307907104 0.23577463626861572
0 0.5733203291893005 0.783920168876648 0.030421853065490723 0.16690140962600708
0 0.12026561796665192 0.7879577279090881 0.04393749684095383 0.21469485759735107
0 0.25989842414855957 0.8004812002182007 0.05229686200618744 0.2033098340034485
0 0.2821953296661377 0.7869601249694824 0.030046850442886353 0.18312209844589233
0 0.6310156583786011 0.6968896389007568 0.027593791484832764 0.1404929757118225
3 0.48188281059265137 0.6778051853179932 0.048484355211257935 0.1127464771270752
0 0.6695312261581421 0.7781690359115601 0.1171875 0.19483572244644165
