3 0.44856446981430054 0.6083515882492065 0.10814455151557922 0.08464062213897705
0 0.2255273461341858 0.7457422018051147 0.024726569652557373 0.04417186975479126
0 0.4840039014816284 0.7742577791213989 0.021874994039535522 0.05376559495925903
0 0.5193651914596558 0.7701562643051147 0.020292937755584717 0.05659377574920654
9 0.6498534679412842 0.730343759059906 0.021894514560699463 0.024781227111816406
0 0.6782910227775574 0.744460940361023 0.023886680603027344 0.06179690361022949
0 0.6997851133346558 0.7294999957084656 0.021210968494415283 0.02974998950958252
0 0.7427734136581421 0.7070468664169312 0.02183598279953003 0.02974998950958252
0 0.3007128834724426 0.7311874628067017 0.02197265625 0.052406251430511475
0 0.34302735328674316 0.8726328015327454 0.025624990463256836 0.0670781135559082
9 0.32349610328674316 0.828851580619812 0.02351561188697815 0.05842190980911255
3 0.08763671666383743 0.6633984446525574 0.12558592855930328 0.10164058208465576
9 0.34056639671325684 0.8186484575271606 0.03242185711860657 0.05173438787460327
9 0.306640625 0.8328125476837158 0.03125 0.059374988079071045
0 0.2236328125 0.7367187738418579 0.025390625 0.026562511920928955
0 0.583984375 0.746874988079071 0.015625 0.05312502384185791
0 0.6044921875 0.734375 0.021484375 0.01874995231628418
0 0.60546875 0.7179687023162842 0.0234375 0.035937488079071045
0 0.623046875 0.7124999761581421 0.01953125 0.018750011920928955
9 0.9091796875 0.796875 0.037109375 0.05312502384185791
9 0.9228515625 0.7953125238418579 0.037109375 0.056250035762786865
9 0.3974609375 0.9546874761581421 0.037109375 0.040625035762786865
9 0.4306640625 0.9554687738418579 0.041015625 0.042187511920928955
1 0.271484375 0.4468750059604645 0.0234375 0.003125011920928955
1 0.3173828125 0.4468750059604645 0.021484375 0.003125011920928955
1 0.3798828125 0.4453125 0.037109375 0.00625002384185791
1 0.2275390625 0.44609373807907104 0.037109375 0.004687517881393433
