1 0.5825625061988831 0.6266433596611023 0.28174999356269836 0.1779487133026123
1 0.4875468611717224 0.5548834800720215 0.09812498092651367 0.11918416619300842
1 0.729296863079071 0.551468551158905 0.0572812557220459 0.06988346576690674
1 0.6899999976158142 0.5388344526290894 0.018062472343444824 0.05268067121505737
1 0.09199218451976776 0.5392773747444153 0.13426563143730164 0.09874126315116882
1 0.3996562361717224 0.5208624601364136 0.04109373688697815 0.03449881076812744
1 0.44356250762939453 0.5161654949188232 0.024500012397766113 0.027715623378753662
2 0.23029688000679016 0.4959440529346466 0.10496874153614044 0.11967366933822632
1 0.6048359274864197 0.528356671333313 0.06407809257507324 0.03741258382797241
1 0.5614453554153442 0.5206876397132874 0.043484389781951904 0.037132859230041504
1 0.6950078010559082 0.5239743590354919 0.02557814121246338 0.053403258323669434
3 0.6362968683242798 0.497307687997818 0.0976874828338623 0.13400930166244507
1 0.1668359339237213 0.5321794748306274 0.05117186903953552 0.06198132038116455
1 0.5296875238418579 0.5163170099258423 0.025000035762786865 0.03496503829956055
1 0.5734374523162842 0.502331018447876 0.028124988079071045 0.02097904682159424
1 0.7578125 0.5431235432624817 0.015625 0.05128204822540283
0 0.7601562738418579 0.5221445560455322 0.020312488079071045 0.027972042560577393
1 0.71484375 0.5081585049629211 0.02656245231628418 0.023310035467147827
1 0.7359374761581421 0.5069929957389832 0.015625 0.016317009925842285
