0 0.10374999791383743 0.7512500286102295 0.11249999701976776 0.20750004053115845
0 0.19499999284744263 0.6725000143051147 0.11999998986721039 0.13999998569488525
0 0.05375000089406967 0.6850000023841858 0.0625 0.1549999713897705
0 0.3474999964237213 0.7262500524520874 0.07499998807907104 0.13249999284744263
0 0.42624998092651367 0.7475000023841858 0.08250001072883606 0.08500003814697266
0 0.35750001668930054 0.6762499809265137 0.025000005960464478 0.07749998569488525
0 0.38499999046325684 0.6525000333786011 0.04499998688697815 0.11499994993209839
0 0.5062500238418579 0.6949999928474426 0.06250002980232239 0.16499996185302734
0 0.5900000333786011 0.7337499856948853 0.08499997854232788 0.17750000953674316
0 0.7037500143051147 0.7537499666213989 0.09249997138977051 0.1975000500679016
0 0.7424999475479126 0.6474999785423279 0.050000011920928955 0.125
0 0.8799999952316284 0.7512500286102295 0.09500002861022949 0.21250003576278687
0 0.9524999856948853 0.7524999976158142 0.07999998331069946 0.20000004768371582
0 0.9724999666213989 0.8274999856948853 0.050000011920928955 0.2549999952316284
0 0.8112499713897705 0.8062499761581421 0.0975000262260437 0.17249995470046997
0 0.7912499904632568 0.6962499618530273 0.05750000476837158 0.10250002145767212
0 0.6837500333786011 0.6187499761581421 0.037499964237213135 0.0625
