1 0.14479687809944153 0.521657407283783 0.11059374362230301 0.1229805052280426
0 0.2016874998807907 0.63144850730896 0.16890624165534973 0.579777181148529
0 0.6802812814712524 0.494554340839386 0.0310937762260437 0.18487468361854553
0 0.7818827629089355 0.49448466300964355 0.031390607357025146 0.15871867537498474
0 0.9116640686988831 0.4894707500934601 0.047484397888183594 0.19364899396896362
0 0.5328906178474426 0.4944707453250885 0.025156259536743164 0.14754873514175415
0 0.5132656097412109 0.5027715563774109 0.018093764781951904 0.13651809096336365
0 0.4169999957084656 0.45945680141448975 0.025156259536743164 0.05768802762031555
0 0.3922421932220459 0.4440668523311615 0.033234357833862305 0.07805013656616211
0 0.3694531321525574 0.45229804515838623 0.02531251311302185 0.06303620338439941
0 0.419859379529953 0.45392757654190063 0.03200000524520874 0.0710863471031189
1 0.9800937175750732 0.4861142039299011 0.03871876001358032 0.1865459680557251
0 0.27357029914855957 0.5374094843864441 0.28776562213897705 0.8018383979797363
0 0.9341719150543213 0.4893314838409424 0.04562503099441528 0.18869081139564514
