1 0.5793594121932983 0.18553921580314636 0.3375625014305115 0.19818627834320068
1 0.3241640627384186 0.0965196043252945 0.07070314884185791 0.08431372046470642
4 0.1532890498638153 0.3776838183403015 0.3037031292915344 0.6471813917160034
4 0.4118672013282776 0.34830883145332336 0.290828138589859 0.5258333086967468
4 0.6510312557220459 0.33843135833740234 0.2514062523841858 0.4462744891643524
4 0.861578106880188 0.3291666805744171 0.24668747186660767 0.40029412508010864
0 0.37135937809944153 0.08748774230480194 0.046093761920928955 0.1159558817744255
0 0.7640781402587891 0.1576225459575653 0.0520937442779541 0.21941177546977997
0 0.8230234384536743 0.1625857800245285 0.042359352111816406 0.21477940678596497
0 0.31193751096725464 0.11286765336990356 0.02015623450279236 0.10450980812311172
0 0.7941093444824219 0.16143381595611572 0.03156250715255737 0.19620096683502197
1 0.5702656507492065 0.05667892098426819 0.0844687819480896 0.03899509832262993
0 0.9446171522140503 0.12697303295135498 0.019015610218048096 0.07791666686534882
5 0.3109140694141388 0.20612744987010956 0.06735938787460327 0.130539208650589
0 0.9781249761581421 0.12377451360225677 0.03125 0.08578431606292725
