3 0.051515623927116394 0.5860625505447388 0.09965625405311584 0.1679583191871643
0 0.03293750062584877 0.737583339214325 0.06587500125169754 0.2445000410079956
0 0.9514062404632568 0.7056770920753479 0.09268748760223389 0.24281251430511475
0 0.8143203258514404 0.6878854036331177 0.07595312595367432 0.19377082586288452
0 0.7293046712875366 0.6663957834243774 0.040953099727630615 0.1314583420753479
0 0.8453124761581421 0.6733332872390747 0.05140620470046997 0.17412501573562622
0 0.13164062798023224 0.6340728998184204 0.010843753814697266 0.058770835399627686
0 0.14333593845367432 0.6291979551315308 0.007859379053115845 0.055895864963531494
0 0.15282031893730164 0.6316457986831665 0.01685936748981476 0.06125003099441528
0 0.46726560592651367 0.6286250352859497 0.02781251072883606 0.08441668748855591
1 0.140625 0.628125011920929 0.0625 0.06041669845581055
0 0.987500011920929 0.7239583730697632 0.02187502384185791 0.18958336114883423
