0 0.9149999618530273 0.7487499713897705 0.10499995946884155 0.2524999976158142
0 0.7987499833106995 0.7200000286102295 0.07749998569488525 0.26500004529953003
0 0.8137500286102295 0.5712500214576721 0.05249994993209839 0.07749998569488525
1 0.6512500047683716 0.543749988079071 0.03250002861022949 0.04250001907348633
0 0.7475000023841858 0.5387499928474426 0.014999985694885254 0.04250001907348633
0 0.5425000190734863 0.8212499618530273 0.2500000298023224 0.3525000214576721
0 0.20874999463558197 0.6237499713897705 0.032499998807907104 0.12250000238418579
0 0.2487500011920929 0.6262500286102295 0.06749999523162842 0.14749997854232788
10 0.9075000286102295 0.5525000095367432 0.18000000715255737 0.14500001072883606
0 0.6924999952316284 0.5349999666213989 0.014999985694885254 0.0350000262260437
