1 0.037328124046325684 0.7551898956298828 0.06084375083446503 0.07502108812332153
1 0.12938281893730164 0.7734704613685608 0.10785938054323196 0.16052746772766113
1 0.07029687613248825 0.7741245031356812 0.05765624716877937 0.11010545492172241
0 0.7198984622955322 0.7709493637084961 0.0616719126701355 0.22877633571624756
0 0.7432577610015869 0.6883649826049805 0.025046885013580322 0.07187759876251221
1 0.010460937395691872 0.7465717196464539 0.020609375089406967 0.04795360565185547
0 0.5414531230926514 0.7829852104187012 0.085999995470047 0.27483123540878296
6 0.6923593282699585 0.7369092702865601 0.027843773365020752 0.08014768362045288
0 0.508593738079071 0.7594937086105347 0.05156251788139343 0.2658228278160095
0 0.65625 0.7753164768218994 0.09375 0.24261599779129028
0 0.8250000476837158 0.7689873576164246 0.050000011920928955 0.24683547019958496
0 0.7945312261581421 0.7616033554077148 0.0546875 0.2405063509941101
