1 0.3946015536785126 0.3103846311569214 0.11295312643051147 0.14677420258522034
2 0.5231640934944153 0.3078411817550659 0.10160937905311584 0.15414391458034515
1 0.056984372437000275 0.37611663341522217 0.03918750211596489 0.16602978110313416
1 0.5271171927452087 0.35708439350128174 0.06035935878753662 0.1525806486606598
10 0.8012890815734863 0.41328784823417664 0.38292187452316284 0.657642662525177
0 0.3102656304836273 0.6312655210494995 0.17678125202655792 0.4784119129180908
1 0.028351562097668648 0.42397022247314453 0.056703124195337296 0.2083374559879303
1 0.5980702638626099 0.4290570616722107 0.08367186784744263 0.2274937629699707
1 0.09140624850988388 0.2961910665035248 0.0949687510728836 0.1344168782234192
10 0.14046093821525574 0.2666128873825073 0.03982812166213989 0.13674937188625336
1 0.07731249928474426 0.33148884773254395 0.07603125274181366 0.1548883616924286
2 0.5844687223434448 0.3475186228752136 0.11337500810623169 0.19101735949516296
1 0.026906250044703484 0.3541563153266907 0.05381250008940697 0.14980149269104004
1 0.05680468678474426 0.34955334663391113 0.08432812988758087 0.15414392948150635
2 0.09296874701976776 0.22828784584999084 0.0859375 0.07940447330474854
