3 0.723828136920929 0.4596361517906189 0.516374945640564 0.6995539665222168
0 0.5046093463897705 0.6463263034820557 0.2645312249660492 0.6803520917892456
0 0.23945312201976776 0.6918544769287109 0.27937498688697815 0.5953051447868347
0 0.36610937118530273 0.5063732266426086 0.08165624737739563 0.22453054785728455
0 0.08077343553304672 0.6528051495552063 0.16154687106609344 0.6404460668563843
0 0.1728515625 0.4797534942626953 0.06323438882827759 0.22194835543632507
0 0.39039844274520874 0.41685447096824646 0.03889063000679016 0.10563379526138306
0 0.31838279962539673 0.4710446000099182 0.0591718852519989 0.2050938904285431
0 0.014390625059604645 0.3919835686683655 0.02878125011920929 0.08636152744293213
0 0.3539687395095825 0.4160798192024231 0.034750014543533325 0.08502346277236938
1 0.9753828048706055 0.5103873014450073 0.04923439025878906 0.08800467848777771
