0 0.14765624701976776 0.5741549134254456 0.2953124940395355 0.8516901731491089
6 0.6312187910079956 0.6056220531463623 0.15856248140335083 0.5595539808273315
6 0.2853125035762787 0.6083568334579468 0.09790624678134918 0.40164318680763245
0 0.39998435974121094 0.3761737048625946 0.07209375500679016 0.33929580450057983
0 0.6009999513626099 0.26734742522239685 0.04653126001358032 0.1649295836687088
0 0.6661093831062317 0.26257041096687317 0.049843788146972656 0.26701879501342773
0 0.566531240940094 0.2848004698753357 0.03793752193450928 0.19847416877746582
1 0.3673359453678131 0.22504696249961853 0.10557812452316284 0.07375587522983551
0 0.5478359460830688 0.19643191993236542 0.01979684829711914 0.05657276511192322
10 0.021960938349366188 0.18145540356636047 0.043921876698732376 0.05023474991321564
1 0.3529921770095825 0.17850938439369202 0.22748437523841858 0.08650234341621399
0 0.5821952819824219 0.21160797774791718 0.023953139781951904 0.10293427109718323
1 0.27265626192092896 0.24061033129692078 0.2640624940395355 0.1619718223810196
1 0.20781250298023224 0.3403755724430084 0.33124998211860657 0.22065727412700653
0 0.5390625 0.31690141558647156 0.06562495231628418 0.30985915660858154
