8 0.9650000333786011 0.7112499475479126 0.06499999761581421 0.23750001192092896
0 0.8612499833106995 0.6587499976158142 0.047500014305114746 0.1325000524520874
0 0.8075000047683716 0.6375000476837158 0.04999995231628418 0.06000000238418579
8 0.90625 0.8199999928474426 0.09749996662139893 0.3500000238418579
8 0.8112499713897705 0.831250011920929 0.1774999499320984 0.33249998092651367
0 0.7387499809265137 0.6712499856948853 0.09250003099441528 0.10750001668930054
8 0.6687500476837158 0.8162499666213989 0.11750000715255737 0.3675000071525574
9 0.6000000238418579 0.6850000023841858 0.06499999761581421 0.13999998569488525
0 0.5262500047683716 0.643750011920929 0.052500009536743164 0.08749997615814209
0 0.5449999570846558 0.6837500333786011 0.04500001668930054 0.0975000262260437
8 0.5212500095367432 0.8387500047683716 0.13749998807907104 0.32249999046325684
2 0.12124999612569809 0.7637499570846558 0.23749999701976776 0.4725000262260437
0 0.7224999666213989 0.6312500238418579 0.06000000238418579 0.07750004529953003
