0 0.13750000298023224 0.6025000214576721 0.044999994337558746 0.11000001430511475
0 0.21250000596046448 0.6000000238418579 0.12000000476837158 0.10999995470046997
0 0.29124999046325684 0.5600000023841858 0.04249998927116394 0.09500002861022949
0 0.4937499761581421 0.5700000524520874 0.052499979734420776 0.07499998807907104
0 0.550000011920929 0.5699999928474426 0.034999966621398926 0.08500003814697266
2 0.8550000190734863 0.4975000023841858 0.06000000238418579 0.02499997615814209
1 0.9624999761581421 0.5 0.06999999284744263 0.029999971389770508
0 0.71875 0.5149999856948853 0.01750004291534424 0.04000002145767212
0 0.5912500023841858 0.5349999666213989 0.01750004291534424 0.05500000715255737
0 0.6787500381469727 0.5175000429153442 0.017499983310699463 0.04000002145767212
