4 0.7124999761581421 0.7150000333786011 0.25999999046325684 0.20999997854232788
0 0.5400000214576721 0.856249988079071 0.1550000011920929 0.2825000286102295
0 0.26124998927116394 0.824999988079071 0.1224999874830246 0.3500000238418579
9 0.3700000047683716 0.75 0.0949999988079071 0.12000000476837158
9 0.45499998331069946 0.7437499761581421 0.07500001788139343 0.13249999284744263
9 0.4087499976158142 0.6699999570846558 0.052500009536743164 0.06499999761581421
9 0.48874998092651367 0.6749999523162842 0.057499974966049194 0.06999999284744263
0 0.1587499976158142 0.7062499523162842 0.07750000804662704 0.23250001668930054
9 0.07500000298023224 0.6150000095367432 0.0949999988079071 0.09000003337860107
0 0.23750001192092896 0.6025000214576721 0.0650000125169754 0.12000000476837158
