1 0.9414740800857544 0.6983827948570251 0.11705189943313599 0.29032814502716064
0 0.047323111444711685 0.3349297046661377 0.0899292454123497 0.21360936760902405
0 0.21350234746932983 0.29871875047683716 0.14002357423305511 0.15056250989437103
0 0.8990683555603027 0.3693203330039978 0.06530660390853882 0.154484361410141
0 0.16897405683994293 0.32704687118530273 0.06318396329879761 0.20156250894069672
0 0.2975589632987976 0.26786717772483826 0.07620280981063843 0.08373437821865082
0 0.09047169983386993 0.3331562578678131 0.06141509488224983 0.2005000114440918
4 0.24528302252292633 0.617968738079071 0.49056604504585266 0.3921874761581421
0 0.8584905862808228 0.3570312559604645 0.08018869161605835 0.13593751192092896
0 0.8502358198165894 0.3070312440395355 0.049528300762176514 0.0703125
0 0.5165094137191772 0.3203125 0.05660375952720642 0.140625
