0 0.877273440361023 0.6215000152587891 0.03514063358306885 0.10331249237060547
0 0.8607187271118164 0.6149375438690186 0.01493746042251587 0.09515625238418579
0 0.8446640968322754 0.6029765605926514 0.020265638828277588 0.04673433303833008
0 0.161320298910141 0.6215078234672546 0.011421874165534973 0.02454686164855957
0 0.8235546350479126 0.596500039100647 0.028078138828277588 0.038468778133392334
1 0.2470390796661377 0.6568828225135803 0.08182813227176666 0.05592191219329834
1 0.1653437465429306 0.651687502861023 0.04606249928474426 0.03834378719329834
10 0.3357265591621399 0.6530547142028809 0.1502343714237213 0.06904691457748413
0 0.8967578411102295 0.6277968883514404 0.03179687261581421 0.09275001287460327
1 0.08984375 0.668749988079071 0.1796875 0.15625
1 0.44609373807907104 0.6656249761581421 0.07968750596046448 0.050000011920928955
10 0.768750011920929 0.6453125476837158 0.1656249761581421 0.10624998807907104
