0 0.07874999940395355 0.8387500047683716 0.1574999988079071 0.3174999952316284
4 0.35750001668930054 0.7574999928474426 0.1300000250339508 0.36000001430511475
0 0.5 0.7049999833106995 0.07000002264976501 0.25999999046325684
0 0.23499999940395355 0.5950000286102295 0.030000001192092896 0.11499994993209839
0 0.19499999284744263 0.5962499976158142 0.04999999701976776 0.10749995708465576
4 0.6737500429153442 0.6175000071525574 0.1524999737739563 0.11000001430511475
4 0.5662499666213989 0.6062500476837158 0.0975000262260437 0.11750000715255737
4 0.7599999904632568 0.5924999713897705 0.06999999284744263 0.10499995946884155
1 0.9137499928474426 0.5 0.047500014305114746 0.034999996423721313
0 0.8374999761581421 0.4987500011920929 0.01500004529953003 0.0274999737739563
