1 0.8451484441757202 0.574552059173584 0.1649843454360962 0.17277082800865173
1 0.2144453078508377 0.5500312447547913 0.19407811760902405 0.11672914028167725
1 0.9282265901565552 0.5458124876022339 0.05207812786102295 0.08820831775665283
1 0.788015604019165 0.5277083516120911 0.03581249713897705 0.05679169297218323
3 0.572195291519165 0.39774999022483826 0.4095469117164612 0.4988749623298645
1 0.9786171913146973 0.4895729124546051 0.03951561450958252 0.03560417890548706
0 0.9629765748977661 0.5322812795639038 0.04223436117172241 0.11010414361953735
0 0.9507812261581421 0.47083333134651184 0.010937511920928955 0.020833313465118408
0 0.9398437738418579 0.47083333134651184 0.0078125 0.020833313465118408
1 0.9289062023162842 0.4906249940395355 0.035937488079071045 0.02708333730697632
0 0.7796875238418579 0.4854166507720947 0.018750011920928955 0.02916666865348816
