1 0.09500780701637268 0.4129156768321991 0.1842968761920929 0.8258313536643982
4 0.44261717796325684 0.5004098415374756 0.41789063811302185 0.5371193885803223
0 0.9535468816757202 0.548782229423523 0.0689687728881836 0.2732084393501282
0 0.23035937547683716 0.4675644040107727 0.03293749690055847 0.1800936758518219
0 0.6489062309265137 0.544590175151825 0.04781252145767212 0.2045433521270752
0 0.588070273399353 0.420515239238739 0.05198436975479126 0.06763467192649841
0 0.5454297065734863 0.40481263399124146 0.05167186260223389 0.07613584399223328
0 0.19828906655311584 0.46336066722869873 0.03398437798023224 0.16461360454559326
4 0.4938046932220459 0.3850468397140503 0.03248441219329834 0.1772131323814392
0 0.9878437519073486 0.5906206369400024 0.023749947547912598 0.31430914998054504
0 0.7594140768051147 0.5730796456336975 0.07048439979553223 0.18391099572181702
0 0.5161406397819519 0.41715455055236816 0.029343724250793457 0.07763466238975525
0 0.24062500894069672 0.3946135640144348 0.025000005960464478 0.044496506452560425
0 0.8671875 0.5901639461517334 0.04999995231628418 0.07025760412216187
