1 0.07419531047344208 0.5587216019630432 0.14367187023162842 0.1552840769290924
0 0.1255234330892563 0.5212073922157288 0.01926562190055847 0.03207385540008545
0 0.7417656183242798 0.4735511243343353 0.007218718528747559 0.04619318246841431
0 0.4157187342643738 0.48728692531585693 0.004718750715255737 0.029744356870651245
4 0.8548203110694885 0.4805539846420288 0.03295314311981201 0.08042612671852112
1 0.2593750059604645 0.546875 0.25 0.17329546809196472
0 0.3843749761581421 0.5127841234207153 0.009375005960464478 0.03693181276321411
4 0.5906250476837158 0.47159090638160706 0.028124988079071045 0.06818181276321411
4 0.6437499523162842 0.6704545617103577 0.19999998807907104 0.6590908765792847
4 0.24843750894069672 0.6548295617103577 0.21250000596046448 0.6789772510528564
