10 0.5507265329360962 0.3554999828338623 0.3245468735694885 0.5181666612625122
0 0.8483359217643738 0.4103541672229767 0.04532814025878906 0.10900002717971802
0 0.8178125023841858 0.41079166531562805 0.028937458992004395 0.1122083067893982
0 0.20868749916553497 0.3786458373069763 0.03434374928474426 0.09933334589004517
0 0.3013671934604645 0.3005416691303253 0.01126563549041748 0.029458343982696533
0 0.3140546977519989 0.30268749594688416 0.00967186689376831 0.019541680812835693
1 0.0823984369635582 0.4764583110809326 0.1647968739271164 0.19058331847190857
1 0.16863280534744263 0.453020840883255 0.13939063251018524 0.16629165410995483
1 0.7445000410079956 0.39027082920074463 0.09087496995925903 0.1120416522026062
1 0.8586719036102295 0.3334791660308838 0.06981247663497925 0.04645833373069763
1 0.29234373569488525 0.37186458706855774 0.04249998927116394 0.062020838260650635
10 0.46953126788139343 0.5056250095367432 0.37031251192092896 0.45495834946632385
1 0.757031261920929 0.3322916626930237 0.08437502384185791 0.05416667461395264
1 0.24622654914855957 0.3556041717529297 0.06985937058925629 0.032625019550323486
1 0.7093124985694885 0.33500000834465027 0.029531240463256836 0.04920834302902222
0 0.24025781452655792 0.4049791693687439 0.0357343852519989 0.12658333778381348
