0 0.7092890739440918 0.7092154622077942 0.014796853065490723 0.0696721076965332
0 0.18989843130111694 0.704016387462616 0.0176093727350235 0.07238876819610596
1 0.7578437328338623 0.8965339660644531 0.48118752241134644 0.19756436347961426
1 0.5056406259536743 0.8758665323257446 0.21706247329711914 0.24297422170639038
1 0.48952344059944153 0.7207845449447632 0.09445315599441528 0.07416856288909912
1 0.585210919380188 0.7190983295440674 0.09173434972763062 0.07121783494949341
1 0.44678908586502075 0.689473032951355 0.044984370470047 0.04573768377304077
1 0.4077500104904175 0.7040281295776367 0.0573749840259552 0.053536295890808105
1 0.38151562213897705 0.680140495300293 0.04056251049041748 0.04459017515182495
1 0.26755470037460327 0.6572599411010742 0.0266093909740448 0.02796250581741333
0 0.1520078182220459 0.7334191799163818 0.03129686415195465 0.09648710489273071
1 0.3046875 0.7494145035743713 0.08749997615814209 0.09836065769195557
1 0.2875000238418579 0.7259953022003174 0.07187500596046448 0.10304450988769531
1 0.3359375 0.6814988255500793 0.034375011920928955 0.03747069835662842
1 0.29765623807907104 0.6627634763717651 0.029687494039535522 0.0281030535697937
