0 0.7821874618530273 0.6189791560173035 0.0519062876701355 0.2123333215713501
1 0.43729686737060547 0.5688333511352539 0.050718754529953 0.06329166889190674
4 0.8590703010559082 0.6303958296775818 0.07439064979553223 0.1303333044052124
1 0.5140312910079956 0.5708645582199097 0.04221874475479126 0.058229148387908936
1 0.49064844846725464 0.5531041622161865 0.0188906192779541 0.023958325386047363
1 0.4662109315395355 0.5523437261581421 0.018859386444091797 0.019062459468841553
2 0.578320324420929 0.5717187523841858 0.0670156478881836 0.09822916984558105
4 0.3290078043937683 0.566489577293396 0.018453121185302734 0.044854164123535156
4 0.5375000238418579 0.5750000476837158 0.021874964237213135 0.06666666269302368
4 0.18281249701976776 0.7354166507720947 0.36249998211860657 0.5166666507720947
