0 0.9906484484672546 0.6389999985694885 0.013671875 0.07762503623962402
1 0.4562968611717224 0.6537604331970215 0.0716874897480011 0.057270824909210205
1 0.5022578239440918 0.6472707986831665 0.044765621423721313 0.04858332872390747
1 0.5862656235694885 0.6368541717529297 0.025406241416931152 0.023916661739349365
1 0.707882821559906 0.6504583358764648 0.04685938358306885 0.050624966621398926
1 0.6401953101158142 0.6303750276565552 0.014203071594238281 0.014708340167999268
1 0.6699062585830688 0.6128333210945129 0.008156239986419678 0.009999990463256836
1 0.5280624628067017 0.6424999833106995 0.0339999794960022 0.041083335876464844
1 0.656906247138977 0.6314895749092102 0.014593720436096191 0.016854166984558105
1 0.698718786239624 0.6269479393959045 0.033468782901763916 0.02193748950958252
1 0.8390624523162842 0.6447916626930237 0.10624998807907104 0.052083373069763184
1 0.928906261920929 0.6437499523162842 0.04843747615814209 0.04166668653488159
