5 0.8638046979904175 0.8588207960128784 0.26926565170288086 0.28235846757888794
5 0.864007830619812 0.8179481029510498 0.26420313119888306 0.253018856048584
0 0.4575156271457672 0.6045283079147339 0.13962501287460327 0.5044810771942139
5 0.8332109451293945 0.5227122902870178 0.0902031660079956 0.14924529194831848
5 0.9036718606948853 0.48503535985946655 0.15203124284744263 0.1357782781124115
0 0.5763437747955322 0.37944576144218445 0.050000011920928955 0.16794812679290771
0 0.8390078544616699 0.3877122700214386 0.05242186784744263 0.1896226406097412
0 0.5386484265327454 0.4087854027748108 0.05670309066772461 0.27926889061927795
0 0.09328906238079071 0.628419816493988 0.1827031373977661 0.7431603670120239
0 0.6477031707763672 0.35011792182922363 0.039843738079071045 0.13042452931404114
5 0.9073593616485596 0.5283136963844299 0.1356874704360962 0.10148587822914124
1 0.9242187738418579 0.33510613441467285 0.0390625 0.04285377264022827
0 0.6858593821525574 0.45522406697273254 0.09312498569488525 0.3589858412742615
5 0.8634296655654907 0.7071344256401062 0.2731406092643738 0.2506368160247803
0 0.7999999523162842 0.35141509771347046 0.043749988079071045 0.10849058628082275
0 0.34765625 0.6096698045730591 0.3453124761581421 0.7712264060974121
