0 0.699999988079071 0.8125 0.24000000953674316 0.375
0 0.7462500333786011 0.6712499856948853 0.08750003576278687 0.13249999284744263
0 0.13875000178813934 0.7212499976158142 0.09749999642372131 0.2575000524520874
0 0.33125001192092896 0.7574999928474426 0.09749999642372131 0.2549999952316284
0 0.4024999737739563 0.6862499713897705 0.09000000357627869 0.22750002145767212
0 0.4950000047683716 0.6987500190734863 0.07500001788139343 0.2225000262260437
0 0.5762500166893005 0.6362500190734863 0.047500014305114746 0.16249996423721313
0 0.4899999797344208 0.5900000333786011 0.07499998807907104 0.07499998807907104
0 0.35874998569488525 0.6599999666213989 0.0625 0.1850000023841858
0 0.2862499952316284 0.6274999976158142 0.047500014305114746 0.15999996662139893
1 0.06624999642372131 0.637499988079071 0.1274999976158142 0.13999998569488525
2 0.23124998807907104 0.574999988079071 0.1874999850988388 0.10000002384185791
2 0.5600000023841858 0.5462499856948853 0.07500004768371582 0.06749999523162842
0 0.5612499713897705 0.5537499785423279 0.017499983310699463 0.06749999523162842
2 0.49375003576278687 0.5249999761581421 0.07750001549720764 0.0350000262260437
