1 0.48374998569488525 0.5687500238418579 0.09249997138977051 0.07750004529953003
2 0.45749998092651367 0.5199999809265137 0.03999999165534973 0.04000002145767212
0 0.1875 0.6150000095367432 0.034999996423721313 0.15999996662139893
0 0.13374999165534973 0.59375 0.07250000536441803 0.12249994277954102
0 0.08249999582767487 0.5874999761581421 0.03999999910593033 0.12000000476837158
0 0.05375000089406967 0.5812499523162842 0.032499998807907104 0.10750001668930054
0 0.008750000037252903 0.5774999856948853 0.017500000074505806 0.12000000476837158
0 0.23624999821186066 0.6000000238418579 0.03749999403953552 0.14500004053115845
0 0.3149999976158142 0.5587500333786011 0.034999996423721313 0.10250002145767212
0 0.4125000238418579 0.5412499904632568 0.025000005960464478 0.06749999523162842
0 0.35750001668930054 0.5562499761581421 0.025000005960464478 0.07750004529953003
0 0.5924999713897705 0.543749988079071 0.020000040531158447 0.05750000476837158
0 0.6362500190734863 0.5399999618530273 0.02249997854232788 0.06999999284744263
0 0.8512499928474426 0.6225000023841858 0.05750000476837158 0.1499999761581421
0 0.9724999666213989 0.7112499475479126 0.050000011920928955 0.2524999976158142
0 0.9712499976158142 0.5850000381469727 0.05750000476837158 0.09999996423721313
8 0.7862499952316284 0.5575000047683716 0.022500038146972656 0.09500002861022949
8 0.7537499666213989 0.5562499761581421 0.02249997854232788 0.09250003099441528
8 0.6687500476837158 0.5525000095367432 0.02249997854232788 0.06999999284744263
8 0.6949999928474426 0.5449999570846558 0.02499997615814209 0.07499998807907104
0 0.18250000476837158 0.5275000333786011 0.030000001192092896 0.05500000715255737
1 0.4387499988079071 0.925000011920929 0.41249996423721313 0.14499998092651367
