1 0.04715624824166298 0.5018160343170166 0.09431249648332596 0.255990594625473
1 0.5406796932220459 0.28134435415267944 0.049515604972839355 0.041132062673568726
4 0.6661093831062317 0.44629716873168945 0.11821877956390381 0.175471693277359
1 0.4981952905654907 0.27022406458854675 0.06682810187339783 0.04323114454746246
1 0.37767186760902405 0.2770518660545349 0.023968756198883057 0.04400941729545593
4 0.2717031240463257 0.49325472116470337 0.029156267642974854 0.12716984748840332
0 0.568039059638977 0.4281603693962097 0.07823437452316284 0.3866981267929077
1 0.18894530832767487 0.2685023546218872 0.051109373569488525 0.0392688512802124
0 0.462828129529953 0.3013325333595276 0.019999980926513672 0.07974055409431458
4 0.18003123998641968 0.44237029552459717 0.11912499368190765 0.22464624047279358
4 0.41105467081069946 0.39806604385375977 0.04645314812660217 0.18033018708229065
4 0.49149999022483826 0.3827476501464844 0.078000009059906 0.16775944828987122
1 0.40684375166893005 0.2874174416065216 0.04878127574920654 0.05945754051208496
1 0.1561562418937683 0.2878773808479309 0.05671875178813934 0.04419812560081482
1 0.07706250250339508 0.2703183889389038 0.029187504202127457 0.025872647762298584
0 0.9057812690734863 0.28475236892700195 0.01953125 0.07969339191913605
0 0.6183280944824219 0.27310141921043396 0.013500034809112549 0.05341982841491699
0 0.8187500238418579 0.46933963894844055 0.23124998807907104 0.4858490824699402
7 0.33125001192092896 0.5412735939025879 0.24687500298023224 0.6674528121948242
