1 0.0286354161798954 0.4298593997955322 0.0572708323597908 0.05550000071525574
1 0.25852084159851074 0.42039844393730164 0.09037500619888306 0.021171867847442627
1 0.3894166648387909 0.41599220037460327 0.03549998998641968 0.016796857118606567
0 0.5715833306312561 0.47486716508865356 0.0818333625793457 0.17204686999320984
0 0.4665104150772095 0.42392969131469727 0.019395828247070312 0.04648438096046448
0 0.45519793033599854 0.4211093783378601 0.017229169607162476 0.048593759536743164
0 0.6118541955947876 0.46796876192092896 0.03808337450027466 0.16162502765655518
0 0.6728436946868896 0.4234609603881836 0.02093750238418579 0.05376562476158142
1 0.16202083230018616 0.4189531207084656 0.047125011682510376 0.029375016689300537
0 0.5866875052452087 0.4145234227180481 0.027541637420654297 0.030734390020370483
0 0.43717706203460693 0.4229999780654907 0.02406248450279236 0.044874995946884155
1 0.12545832991600037 0.42103904485702515 0.02579166740179062 0.015203148126602173
5 0.9708333015441895 0.6890624761581421 0.05416661500930786 0.35624998807907104
0 0.4781249761581421 0.421875 0.010416656732559204 0.028124988079071045
0 0.4833333492279053 0.4203124940395355 0.008333355188369751 0.028124988079071045
