1 0.0426640622317791 0.5949180126190186 0.0853281244635582 0.2539578378200531
1 0.9261406660079956 0.5035011768341064 0.14771872758865356 0.2577751874923706
1 0.04470312222838402 0.4769788980484009 0.08709374815225601 0.09011706709861755
10 0.5952187776565552 0.4895199239253998 0.6476874947547913 0.7595550417900085
8 0.13484375178813934 0.6177283525466919 0.07065624743700027 0.5422482490539551
0 0.2875312566757202 0.6815105676651001 0.18962499499320984 0.6369789242744446
8 0.20099219679832458 0.5431733131408691 0.07473437488079071 0.35121777653694153
8 0.3980703055858612 0.6056206226348877 0.10045313835144043 0.5101170539855957
0 0.30864062905311584 0.4009133577346802 0.10221874713897705 0.1434660255908966
1 0.17889843881130219 0.47411006689071655 0.0670156180858612 0.10817328095436096
