0 0.5665078163146973 0.5449791550636292 0.029453158378601074 0.03862500190734863
3 0.3381093740463257 0.5060312747955322 0.22065626084804535 0.30789583921432495
0 0.6926093697547913 0.5772083401679993 0.01868748664855957 0.06154167652130127
0 0.6692343950271606 0.5754479169845581 0.025812506675720215 0.07264578342437744
0 0.9239296913146973 0.6183333396911621 0.07714062929153442 0.12833333015441895
0 0.46703124046325684 0.5463125109672546 0.012343734502792358 0.0415416955947876
0 0.027781249955296516 0.5615625381469727 0.015968751162290573 0.06450003385543823
0 0.643078088760376 0.5302916765213013 0.004499971866607666 0.01616668701171875
0 0.01347656175494194 0.5644270777702332 0.021796874701976776 0.06685411930084229
1 0.568179726600647 0.5242187976837158 0.016015589237213135 0.005937516689300537
0 0.7324765920639038 0.5753228664398193 0.013671875 0.059562504291534424
2 0.16015625 0.546875 0.09531250596046448 0.08541667461395264
