1 0.09415625035762787 0.40690624713897705 0.023187503218650818 0.023020833730697632
3 0.5348515510559082 0.4437708258628845 0.35157811641693115 0.3604999780654907
3 0.31852343678474426 0.4066354036331177 0.10260939598083496 0.18972918391227722
0 0.21875780820846558 0.4124895930290222 0.00901561975479126 0.03689584136009216
0 0.7510546445846558 0.5056145787239075 0.030078113079071045 0.10839581489562988
0 0.9319843649864197 0.515458345413208 0.03606247901916504 0.12350001931190491
3 0.0700703114271164 0.37677082419395447 0.023734375834465027 0.03854167461395264
0 0.7166405916213989 0.5176249742507935 0.017656266689300537 0.11683329939842224
0 0.24648436903953552 0.4034687280654907 0.009093746542930603 0.03352084755897522
0 0.9020000100135803 0.523104190826416 0.03106248378753662 0.11791664361953735
1 0.17235156893730164 0.39252084493637085 0.019859373569488525 0.01825001835823059
2 0.02547656185925007 0.42773959040641785 0.05095312371850014 0.07264584302902222
1 0.01596093736588955 0.45888543128967285 0.030796874314546585 0.05810418725013733
1 0.01796874962747097 0.44062501192092896 0.03593749925494194 0.047916680574417114
1 0.09140625596046448 0.38229167461395264 0.01718749850988388 0.014583319425582886
1 0.16015625 0.3916666507720947 0.0078125 0.016666680574417114
1 0.15156249701976776 0.38749998807907104 0.015625 0.016666680574417114
1 0.14687499403953552 0.3854166865348816 0.015625 0.016666680574417114
1 0.13749998807907104 0.3812499940395355 0.012500002980232239 0.016666650772094727
1 0.1015625 0.38229167461395264 0.009375005960464478 0.010416656732559204
3 0.11796875298023224 0.36250001192092896 0.0234375 0.012500017881393433
