1 0.2512578070163727 0.7742395401000977 0.5025156140327454 0.38731247186660767
1 0.18904687464237213 0.9029479026794434 0.37809374928474426 0.19410419464111328
1 0.75 0.6816562414169312 0.21571874618530273 0.24943751096725464
0 0.40584373474121094 0.5759166479110718 0.12562498450279236 0.33504170179367065
0 0.6108984351158142 0.6711041927337646 0.11898434162139893 0.44329169392585754
0 0.4987812638282776 0.6826354265213013 0.10793748497962952 0.3841458559036255
1 0.24067187309265137 0.45655208826065063 0.05137501657009125 0.09306252002716064
1 0.16620312631130219 0.4645833373069763 0.13312500715255737 0.085916668176651
1 0.07584375143051147 0.47606250643730164 0.011749997735023499 0.05825001001358032
1 0.7192890644073486 0.4504791498184204 0.09789061546325684 0.09079167246818542
2 0.2706797122955322 0.4483333230018616 0.037703126668930054 0.11591669917106628
1 0.13527344167232513 0.45629167556762695 0.09017188102006912 0.09979167580604553
