0 0.2874999940395355 0.7300000190734863 0.06000000238418579 0.21999996900558472
0 0.7287499904632568 0.5700000524520874 0.03250002861022949 0.06999999284744263
1 0.574999988079071 0.5600000023841858 0.125 0.0549999475479126
1 0.4925000071525574 0.5525000095367432 0.06999996304512024 0.039999961853027344
9 0.1550000011920929 0.7287499904632568 0.13499999046325684 0.09249997138977051
0 0.03750000149011612 0.668749988079071 0.07500000298023224 0.20249998569488525
0 0.08999999612569809 0.637499988079071 0.07500000298023224 0.15999996662139893
0 0.12999999523162842 0.6025000214576721 0.040000006556510925 0.13499999046325684
0 0.6775000095367432 0.5362499952316284 0.014999985694885254 0.047500014305114746
0 0.048750001937150955 0.5600000023841858 0.03750000149011612 0.04499995708465576
