0 0.7967187166213989 0.8020706176757812 0.04371875524520874 0.23567062616348267
6 0.8993749618530273 0.7544705867767334 0.025062501430511475 0.0904470682144165
0 0.8560078144073486 0.7456352710723877 0.037015676498413086 0.11343532800674438
0 0.31980469822883606 0.6585646867752075 0.015203118324279785 0.05374115705490112
0 0.39571094512939453 0.6637294292449951 0.015671879053115845 0.05089414119720459
1 0.49855470657348633 0.7171882390975952 0.05692186951637268 0.08134114742279053
1 0.20878125727176666 0.8184471130371094 0.1978749930858612 0.1967058777809143
1 0.6441015601158142 0.6450352668762207 0.03595316410064697 0.048376500606536865
1 0.314265638589859 0.7736823558807373 0.13478125631809235 0.1855294108390808
1 0.6544609069824219 0.6177765130996704 0.027796924114227295 0.030517637729644775
1 0.6581875085830688 0.5958706140518188 0.016156256198883057 0.012211740016937256
1 0.6672968864440918 0.5872117280960083 0.012218713760375977 0.019317686557769775
1 0.4518750011920929 0.745164692401886 0.07109373807907104 0.12068235874176025
1 0.35865625739097595 0.6687411665916443 0.05359375476837158 0.043035268783569336
1 0.4777578115463257 0.7334117889404297 0.032984375953674316 0.094776451587677
2 0.5107187628746033 0.6706588268280029 0.09290626645088196 0.0831528902053833
1 0.4046874940395355 0.7764705419540405 0.07499998807907104 0.12705880403518677
1 0.3960937559604645 0.7070587873458862 0.0703125 0.04000002145767212
1 0.2992187738418579 0.6623529195785522 0.03281250596046448 0.044705867767333984
0 0.4078124761581421 0.6635293960571289 0.009375005960464478 0.047058820724487305
0 0.4859374761581421 0.6623529195785522 0.009375005960464478 0.030588209629058838
