0 0.8489999771118164 0.7161294221878052 0.0442812442779541 0.24515295028686523
0 0.7560625076293945 0.6484470367431641 0.026968717575073242 0.11849409341812134
0 0.7346172332763672 0.6539646983146667 0.025046885013580322 0.1060941219329834
0 0.8921406269073486 0.7331176400184631 0.04337501525878906 0.20270586013793945
1 0.39638280868530273 0.6582705974578857 0.08285939693450928 0.11959999799728394
1 0.6632656455039978 0.6546470522880554 0.1288750171661377 0.10628235340118408
1 0.9549609422683716 0.7308470606803894 0.09007811546325684 0.1914823055267334
1 0.6005547046661377 0.6130117177963257 0.04389065504074097 0.05185884237289429
1 0.1362656205892563 0.6445529460906982 0.0834374949336052 0.10755294561386108
1 0.01373437512665987 0.6790235042572021 0.02746875025331974 0.13037651777267456
1 0.06790625303983688 0.6482823491096497 0.08150000125169754 0.1324235200881958
1 0.9542812705039978 0.675317645072937 0.0885312557220459 0.12098824977874756
1 0.2899453043937683 0.6246470808982849 0.07764062285423279 0.10821175575256348
1 0.6212656497955322 0.5830352902412415 0.04937499761581421 0.03157651424407959
1 0.02109375037252903 0.6341176629066467 0.04218750074505806 0.12000000476837158
1 0.16015625 0.5952941179275513 0.10781249403953552 0.08470582962036133
1 0.4312500059604645 0.5823529362678528 0.028124988079071045 0.054117679595947266
1 0.780468761920929 0.6635293960571289 0.0234375 0.06117647886276245
4 0.25390625 0.6599999666213989 0.048437491059303284 0.15764707326889038
4 0.3414062559604645 0.6647058725357056 0.0546875 0.17176473140716553
4 0.5640624761581421 0.6952941417694092 0.08125001192092896 0.23764705657958984
4 0.5375000238418579 0.6176470518112183 0.025000035762786865 0.06823527812957764
