0 0.3699687421321869 0.0911979153752327 0.05043751001358032 0.14489583671092987
0 0.2787421941757202 0.11003124713897705 0.041140615940093994 0.11681249737739563
0 0.5630937814712524 0.045916665345430374 0.03556245565414429 0.04374999552965164
0 0.8167734146118164 0.03791666775941849 0.032421886920928955 0.04774999991059303
0 0.7511249780654907 0.03801041841506958 0.039125025272369385 0.044729165732860565
0 0.44209375977516174 0.04661458358168602 0.01962500810623169 0.026770830154418945
2 0.16718749701976776 0.125 0.33124998211860657 0.18333333730697632
9 0.24140624701976776 0.2135416567325592 0.09531250596046448 0.1604166477918625
9 0.3031249940395355 0.20937499403953552 0.08125001192092896 0.16458332538604736
9 0.6859375238418579 0.19479167461395264 0.09375 0.15208333730697632
9 0.8296874761581421 0.17604166269302368 0.08750003576278687 0.16874998807907104
9 0.897656261920929 0.17395833134651184 0.06093752384185791 0.15625
