1 0.1162109375 0.6510875225067139 0.18732813000679016 0.1674249768257141
1 0.2558515667915344 0.607587456703186 0.11414062976837158 0.11487501859664917
3 0.592703104019165 0.4988749921321869 0.398874968290329 0.7685499787330627
0 0.9715937376022339 0.7643874883651733 0.054656267166137695 0.3943749666213989
0 0.9049218893051147 0.7576249837875366 0.0599062442779541 0.38735002279281616
0 0.8766015768051147 0.586762547492981 0.028203129768371582 0.07587498426437378
9 0.7698124647140503 0.7495750188827515 0.12103122472763062 0.20454996824264526
0 0.8216171860694885 0.5896999835968018 0.045671820640563965 0.10154998302459717
0 0.3790937662124634 0.5248249769210815 0.02009376883506775 0.08014997839927673
0 0.8439218997955322 0.7352875471115112 0.07353121042251587 0.2994750142097473
0 0.9421405792236328 0.5745375156402588 0.040437519550323486 0.10472500324249268
3 0.11478125303983688 0.5226500034332275 0.12859375774860382 0.11255002021789551
0 0.8478437662124634 0.5623624920845032 0.016312479972839355 0.048074960708618164
0 0.9319374561309814 0.7315624952316284 0.05568748712539673 0.38147497177124023
0 0.9695390462875366 0.5487250089645386 0.024140655994415283 0.04659998416900635
