0 0.7498143911361694 0.5650390386581421 0.08941996097564697 0.14179688692092896
0 0.6135615110397339 0.5221718549728394 0.03496521711349487 0.053718745708465576
0 0.8900347948074341 0.5627421736717224 0.07399070262908936 0.138859361410141
0 0.8307888507843018 0.5652265548706055 0.06928074359893799 0.14182814955711365
1 0.1015661284327507 0.8125 0.2031322568655014 0.22168755531311035
1 0.2061832845211029 0.5509999990463257 0.40429234504699707 0.09137499332427979
1 0.3654176592826843 0.5330078601837158 0.14930394291877747 0.061328113079071045
1 0.3218097686767578 0.5059140920639038 0.18004640936851501 0.04539063572883606
1 0.19953596591949463 0.6554687023162842 0.39443153142929077 0.22968751192092896
1 0.2447795867919922 0.6046874523162842 0.4895591735839844 0.18437498807907104
1 0.4802784323692322 0.6351562738418579 0.06960558891296387 0.07343751192092896
1 0.2865429222583771 0.5484374761581421 0.28538280725479126 0.07187503576278687
1 0.21809744834899902 0.515625 0.310904860496521 0.05312502384185791
10 0.2215777188539505 0.4828124940395355 0.1415313184261322 0.028124988079071045
