1 0.7641797065734863 0.5533958673477173 0.05407816171646118 0.055416643619537354
1 0.7466718554496765 0.5686249732971191 0.06490623950958252 0.06125003099441528
4 0.03002343699336052 0.5714374780654907 0.058921873569488525 0.05479162931442261
3 0.4767421782016754 0.4943958520889282 0.43217188119888306 0.38341668248176575
5 0.8517656326293945 0.5679999589920044 0.013312458992004395 0.05237501859664917
0 0.22503125667572021 0.5716354250907898 0.016281262040138245 0.07577085494995117
0 0.259765625 0.5697604417800903 0.012624979019165039 0.07639580965042114
3 0.7133281230926514 0.53125 0.045406222343444824 0.09583333134651184
10 0.8088359832763672 0.5338854193687439 0.04826563596725464 0.06835415959358215
5 0.817187488079071 0.6312500238418579 0.05312502384185791 0.1875
4 0.9359375238418579 0.5520833134651184 0.015625 0.04583334922790527
