2 0.6649999618530273 0.5649999976158142 0.0899999737739563 0.09000003337860107
1 0.7975000143051147 0.5674999952316284 0.12000000476837158 0.08000004291534424
1 0.9049999713897705 0.5587499737739563 0.07999998331069946 0.06749999523162842
10 0.9624999761581421 0.550000011920929 0.06999999284744263 0.3149999678134918
0 0.3474999964237213 0.7200000286102295 0.12999999523162842 0.27500003576278687
2 0.7037500143051147 0.5199999809265137 0.06749999523162842 0.05500000715255737
0 0.20125000178813934 0.5175000429153442 0.02250000834465027 0.050000011920928955
3 0.5962499976158142 0.49000000953674316 0.047500014305114746 0.034999996423721313
10 0.65625 0.5 0.03250002861022949 0.034999996423721313
0 0.08249999582767487 0.5074999928474426 0.02499999850988388 0.039999961853027344
5 0.5275000333786011 0.5662499666213989 0.06999999284744263 0.04749995470046997
