2 0.19374999403953552 0.5362499952316284 0.0925000011920929 0.08749997615814209
8 0.19624999165534973 0.6312500238418579 0.037500008940696716 0.11250001192092896
0 0.23749999701976776 0.6425000429153442 0.04999998211860657 0.15500003099441528
8 0.2787500023841858 0.6387499570846558 0.04250001907348633 0.14249998331069946
8 0.3199999928474426 0.643750011920929 0.05500000715255737 0.1625000238418579
4 0.3525000214576721 0.5837500095367432 0.04499998688697815 0.08749997615814209
8 0.38875001668930054 0.6525000333786011 0.04749998450279236 0.17500001192092896
8 0.4387499988079071 0.6762499809265137 0.0625 0.19749999046325684
8 0.6787499785423279 0.6875 0.07749998569488525 0.2200000286102295
8 0.8049999475479126 0.7150000333786011 0.07499998807907104 0.23499995470046997
8 0.48874998092651367 0.565000057220459 0.032499998807907104 0.06499999761581421
8 0.5325000286102295 0.5549999475479126 0.020000040531158447 0.05500000715255737
8 0.5525000095367432 0.5662500262260437 0.019999980926513672 0.05750000476837158
10 0.7775000333786011 0.5600000023841858 0.4399999976158142 0.24500000476837158
