1 0.528494119644165 0.4822421669960022 0.18644705414772034 0.07960936427116394
4 0.41745883226394653 0.46855467557907104 0.04512941837310791 0.042828112840652466
4 0.5532587766647339 0.4728671908378601 0.05908232927322388 0.0436093807220459
4 0.3088705837726593 0.4874531328678131 0.04230588674545288 0.07993751764297485
4 0.5 0.512499988079071 0.1388235092163086 0.1343749761581421
4 0.6917647123336792 0.5257812738418579 0.11764705181121826 0.15781250596046448
4 0.9341176748275757 0.535937488079071 0.12235289812088013 0.1499999761581421
4 0.7364705801010132 0.522656261920929 0.08000004291534424 0.14218750596046448
4 0.6305882334709167 0.507031261920929 0.07058823108673096 0.10781252384185791
4 0.37882351875305176 0.51171875 0.09882351756095886 0.1484375
4 0.12470588088035583 0.5390625 0.14588236808776855 0.1968749761581421
4 0.25999999046325684 0.4898437559604645 0.06823530793190002 0.09531253576278687
4 0.21176470816135406 0.4921875 0.08000001311302185 0.10625001788139343
