1 0.17493750154972076 0.7322377562522888 0.2626250088214874 0.1252681016921997
1 0.6072266101837158 0.6802914142608643 0.047859370708465576 0.052284419536590576
1 0.5779218673706055 0.6764102578163147 0.0338749885559082 0.048857808113098145
10 0.09724219143390656 0.6804545521736145 0.05626562982797623 0.03051280975341797
10 0.2665468752384186 0.6830652952194214 0.06846874952316284 0.06608396768569946
1 0.48589062690734863 0.6776806712150574 0.03981247544288635 0.05522143840789795
1 0.3764296770095825 0.6995104551315308 0.07826563715934753 0.08601397275924683
10 0.6650546789169312 0.6618181467056274 0.016640663146972656 0.014079272747039795
10 0.461062490940094 0.6784149408340454 0.011781245470046997 0.02960371971130371
1 0.8950625061988831 0.6451165676116943 0.01959371566772461 0.02305358648300171
10 0.01171875 0.6864801645278931 0.02031249925494194 0.03496503829956055
10 0.22734373807907104 0.6724941730499268 0.02031250298023224 0.02097904682159424
1 0.8773437738418579 0.6515151262283325 0.026562511920928955 0.016317009925842285
10 0.86328125 0.6491841077804565 0.04218745231628418 0.020978987216949463
1 0.13593749701976776 0.6771562099456787 0.04062499850988388 0.03030306100845337
