5 0.1394599974155426 0.4743993878364563 0.19492000341415405 0.5584083795547485
1 0.9273899793624878 0.43474477529525757 0.14465999603271484 0.27165165543556213
7 0.08006999641656876 0.6006006002426147 0.1601399928331375 0.6846846342086792
7 0.35499998927116394 0.5523874163627625 0.2540000081062317 0.7991291284561157
2 0.728600025177002 0.33471471071243286 0.49879997968673706 0.39915919303894043
5 0.05900000035762787 0.6366366147994995 0.11800000071525574 0.21621620655059814
1 0.3799999952316284 0.38738739490509033 0.2640000283718109 0.24624624848365784
1 0.21799999475479126 0.3243243098258972 0.2639999985694885 0.18618617951869965
1 0.9750000238418579 0.23273272812366486 0.046000003814697266 0.15315315127372742
1 0.07400000095367432 0.2957957983016968 0.14800000190734863 0.12912912666797638
