1 0.05189843848347664 0.7532291412353516 0.10379687696695328 0.12174999713897705
1 0.120179682970047 0.7318437695503235 0.08817186951637268 0.08031249046325684
1 0.5517656207084656 0.7126562595367432 0.10271871089935303 0.05864584445953369
1 0.668468713760376 0.7073020935058594 0.13068753480911255 0.06043750047683716
1 0.4628593921661377 0.7169582843780518 0.07662501931190491 0.04745835065841675
6 0.8375234603881836 0.6920000314712524 0.024984419345855713 0.0701250433921814
1 0.27656251192092896 0.7335208654403687 0.03125 0.04545837640762329
0 0.6941875219345093 0.6698125004768372 0.015625 0.019875049591064453
4 0.9533515572547913 0.6889687776565552 0.041828155517578125 0.04647916555404663
3 0.17060156166553497 0.706250011920929 0.2025468647480011 0.10833334922790527
1 0.11098437756299973 0.7578021287918091 0.0390937477350235 0.07581251859664917
1 0.3919296860694885 0.7201145887374878 0.026546895503997803 0.04081249237060547
1 0.048093751072883606 0.9062395691871643 0.09618750214576721 0.1875208616256714
1 0.38203126192092896 0.7229166626930237 0.03281250596046448 0.05416667461395264
0 0.585156261920929 0.6812499761581421 0.0078125 0.020833313465118408
0 0.5765625238418579 0.6781250238418579 0.012499988079071045 0.018750011920928955
1 0.02031249925494194 0.6937500238418579 0.04062499850988388 0.037499964237213135
0 0.8828125 0.6791666746139526 0.05312502384185791 0.10416662693023682
