10 0.6623672246932983 0.7513542175292969 0.07567185163497925 0.10220831632614136
1 0.4997187554836273 0.7761145830154419 0.09606248140335083 0.10193753242492676
1 0.3748202919960022 0.7749478816986084 0.10185936093330383 0.09877079725265503
1 0.7094765901565552 0.7683854103088379 0.11320310831069946 0.09672915935516357
1 0.22653904557228088 0.7867604494094849 0.11576561629772186 0.09952086210250854
1 0.6141718626022339 0.7589792013168335 0.03415626287460327 0.06491667032241821
1 0.6042109131813049 0.7510208487510681 0.03776562213897705 0.05662500858306885
10 0.41370314359664917 0.7614166736602783 0.08590623736381531 0.09641671180725098
1 0.5702265501022339 0.7443749904632568 0.02248436212539673 0.028833329677581787
10 0.7994687557220459 0.757729172706604 0.09071874618530273 0.10270833969116211
10 0.45124220848083496 0.7450000047683716 0.0305156409740448 0.06283330917358398
10 0.29014843702316284 0.7648541927337646 0.08445312082767487 0.09283334016799927
1 0.5828125476837158 0.7510416507720947 0.018750011920928955 0.05208331346511841
1 0.571093738079071 0.753125011920929 0.01406252384185791 0.03125
