4 0.4899999797344208 0.5349999666213989 0.07499998807907104 0.06000000238418579
2 0.13124999403953552 0.5074999928474426 0.08749999850988388 0.039999961853027344
0 0.20750001072883606 0.5737500190734863 0.04999999701976776 0.10750001668930054
1 0.25 0.5074999928474426 0.05500000715255737 0.029999971389770508
0 0.2850000262260437 0.5337499976158142 0.025000005960464478 0.06749999523162842
1 0.03749999776482582 0.5199999809265137 0.07000000029802322 0.050000011920928955
1 0.6424999833106995 0.53125 0.1499999761581421 0.05750000476837158
1 0.7575000524520874 0.5499999523162842 0.19999998807907104 0.07499998807907104
1 0.8924999833106995 0.5512499809265137 0.10000002384185791 0.0625
2 0.9300000071525574 0.5199999809265137 0.13499999046325684 0.0350000262260437
