1 0.45750001072883606 0.5112500190734863 0.05500000715255737 0.0274999737739563
0 0.5712499618530273 0.5375000238418579 0.02249997854232788 0.050000011920928955
3 0.13499999046325684 0.5300000309944153 0.23999999463558197 0.14500001072883606
1 0.2837499976158142 0.5762500166893005 0.08749999105930328 0.07749998569488525
1 0.3149999976158142 0.5349999666213989 0.06999999284744263 0.050000011920928955
0 0.6212500333786011 0.5625 0.037499964237213135 0.08500003814697266
0 0.6000000238418579 0.5349999666213989 0.020000040531158447 0.06000000238418579
0 0.9312499761581421 0.6000000238418579 0.0625 0.17000001668930054
0 0.9662500023841858 0.643750011920929 0.0625 0.15250003337860107
0 0.9737499952316284 0.7537499666213989 0.047500014305114746 0.29749995470046997
0 0.7912499904632568 0.6074999570846558 0.027500033378601074 0.06000000238418579
