0 0.13374999165534973 0.6587499976158142 0.08749999105930328 0.17250001430511475
0 0.4012500047683716 0.699999988079071 0.05750000476837158 0.2250000238418579
0 0.49375003576278687 0.6399999856948853 0.07750001549720764 0.18000000715255737
0 0.6212500333786011 0.7174999713897705 0.09250003099441528 0.2600000500679016
0 0.5762500166893005 0.5924999713897705 0.03750002384185791 0.10499995946884155
0 0.6812499761581421 0.5900000333786011 0.037499964237213135 0.09499996900558472
0 0.8887500166893005 0.5724999904632568 0.04250001907348633 0.07999998331069946
4 0.9824999570846558 0.5537499785423279 0.030000030994415283 0.052500009536743164
10 0.8362500071525574 0.5262500047683716 0.1625000238418579 0.052500009536743164
3 0.8662500381469727 0.5074999928474426 0.26249998807907104 0.07000002264976501
0 0.6162499785423279 0.574999988079071 0.047500014305114746 0.09000003337860107
