0 0.25376999378204346 0.7077866792678833 0.03985999524593353 0.17221331596374512
0 0.7726399898529053 0.7039732933044434 0.10927999019622803 0.2457600235939026
0 0.48144999146461487 0.7032666802406311 0.06769996881484985 0.21618664264678955
0 0.8296899795532227 0.7108133435249329 0.059780001640319824 0.2062133550643921
0 0.09679000079631805 0.7139600515365601 0.04097999632358551 0.16104000806808472
0 0.8708800077438354 0.7114533185958862 0.05760002136230469 0.21117335557937622
0 0.04625000059604645 0.7472666501998901 0.039820000529289246 0.13922667503356934
0 0.549530029296875 0.7244266271591187 0.0919000506401062 0.2046399712562561
2 0.5149999856948853 0.653333306312561 0.39400002360343933 0.3199999928474426
0 0.7329999804496765 0.6893333196640015 0.03799998760223389 0.17866665124893188
