0 0.21375000476837158 0.7137500047683716 0.10750001668930054 0.23749995231628418
0 0.6587499976158142 0.6050000190734863 0.03250002861022949 0.12000000476837158
0 0.8662500381469727 0.6225000023841858 0.10250002145767212 0.15999996662139893
0 0.7549999952316284 0.5425000190734863 0.02499997615814209 0.050000011920928955
0 0.7174999713897705 0.5399999618530273 0.030000030994415283 0.06000000238418579
0 0.6875 0.5475000143051147 0.02499997615814209 0.06000000238418579
0 0.5962499976158142 0.5375000238418579 0.01750004291534424 0.06000000238418579
0 0.6274999976158142 0.5399999618530273 0.019999980926513672 0.06000000238418579
9 0.09999999403953552 0.6899999976158142 0.08999999612569809 0.125
9 0.29124999046325684 0.6137499809265137 0.0625 0.07249999046325684
9 0.03125 0.6024999618530273 0.0625 0.05500000715255737
9 0.16249999403953552 0.5787500143051147 0.04999999701976776 0.047500014305114746
9 0.20749999582767487 0.5724999904632568 0.034999996423721313 0.039999961853027344
