1 0.07065429538488388 0.6367578506469727 0.14130859076976776 0.1358906626701355
1 0.13494141399860382 0.5956015586853027 0.03792969137430191 0.061515629291534424
1 0.7830566167831421 0.6018203496932983 0.05083984136581421 0.03401559591293335
1 0.813720703125 0.5954765677452087 0.01748049259185791 0.0188906192779541
3 0.43973633646965027 0.5134609341621399 0.6320117115974426 0.5801405906677246
0 0.8299316167831421 0.7287968397140503 0.10818356275558472 0.24865621328353882
0 0.8736230134963989 0.7028359174728394 0.05181640386581421 0.24342185258865356
0 0.8021191358566284 0.7496249675750732 0.048574209213256836 0.19587498903274536
0 0.8466796875 0.6117187738418579 0.021484375 0.048437535762786865
3 0.88671875 0.569531261920929 0.1328125 0.10781252384185791
0 0.962890625 0.609375 0.046875 0.03125
