8 0.14749999344348907 0.7012500166893005 0.08500000089406967 0.20249998569488525
8 0.23749999701976776 0.6987500190734863 0.09000000357627869 0.19749999046325684
0 0.3824999928474426 0.6112500429153442 0.03999999165534973 0.12250000238418579
0 0.41624999046325684 0.6112500429153442 0.04249998927116394 0.13749998807907104
0 0.612500011920929 0.737500011920929 0.10000002384185791 0.26999998092651367
0 0.6425000429153442 0.699999988079071 0.04500001668930054 0.2250000238418579
0 0.8100000023841858 0.7400000095367432 0.09000003337860107 0.23000001907348633
0 0.8650000095367432 0.6575000286102295 0.06000000238418579 0.1899999976158142
0 0.9412499666213989 0.6287499666213989 0.08750003576278687 0.14249998331069946
0 0.9774999618530273 0.6800000071525574 0.04000002145767212 0.24000000953674316
