1 0.5560937523841858 0.6954360604286194 0.09078121185302734 0.10441863536834717
1 0.9516875147819519 0.8968459367752075 0.09662497043609619 0.19840115308761597
1 0.32362499833106995 0.6611192226409912 0.10374999046325684 0.08566862344741821
1 0.6532422304153442 0.6749128103256226 0.049421846866607666 0.06755810976028442
1 0.9267030954360962 0.7958575487136841 0.14634376764297485 0.16351747512817383
1 0.7015781402587891 0.6510610580444336 0.023406267166137695 0.03130817413330078
1 0.9167031049728394 0.7104941606521606 0.14068752527236938 0.12529069185256958
1 0.5177265405654907 0.6496802568435669 0.06685933470726013 0.07029074430465698
3 0.1401093751192093 0.612369179725647 0.27781251072883606 0.7393313646316528
0 0.6792187690734863 0.7453633546829224 0.04537498950958252 0.21194767951965332
0 0.7155156135559082 0.7346656918525696 0.03478121757507324 0.1771221160888672
1 0.7828359603881836 0.6436046361923218 0.010734379291534424 0.01366281509399414
1 0.8454765677452087 0.700639545917511 0.03495311737060547 0.07110464572906494
1 0.8164843916893005 0.6532121896743774 0.031468749046325684 0.028982579708099365
1 0.6548359394073486 0.6356250047683716 0.024265646934509277 0.01793605089187622
1 0.8696093559265137 0.6805959343910217 0.1144375205039978 0.0899127721786499
