1 0.7116171717643738 0.7123706936836243 0.22635936737060547 0.2112356424331665
1 0.945382833480835 0.6483189463615417 0.10923439264297485 0.13709771633148193
1 0.4871249794960022 0.6359626054763794 0.07109376788139343 0.09106320142745972
1 0.5633749961853027 0.6514368057250977 0.09978127479553223 0.1451149582862854
1 0.42811721563339233 0.6169396638870239 0.041609376668930054 0.05422413349151611
1 0.8102421760559082 0.6227586269378662 0.09201562404632568 0.08022987842559814
4 0.29158592224121094 0.6595114469528198 0.0853593647480011 0.11431032419204712
0 0.20761719346046448 0.6286925077438354 0.032640621066093445 0.12841957807540894
5 0.013851562514901161 0.7343534231185913 0.027546875178813934 0.08410918712615967
3 0.5174062252044678 0.5674999952316284 0.11793750524520874 0.09712648391723633
1 0.4060390591621399 0.5972557067871094 0.03348436951637268 0.05795973539352417
1 0.9151797294616699 0.622787356376648 0.08839064836502075 0.09327590465545654
1 0.3695312440395355 0.6163792610168457 0.0390625 0.09482759237289429
3 0.3921875059604645 0.5675287246704102 0.046875 0.08333331346511841
