10 0.6356641054153442 0.5198484659194946 0.42176562547683716 0.7303263545036316
9 0.359437495470047 0.5887762308120728 0.04796874523162842 0.11568760871887207
9 0.3342968821525574 0.5651165246963501 0.0481874942779541 0.056666672229766846
0 0.1296718716621399 0.5290093421936035 0.017249993979930878 0.06034964323043823
0 0.1488671898841858 0.5111654996871948 0.009578123688697815 0.03067600727081299
0 0.10425780713558197 0.5256643295288086 0.020328126847743988 0.08261072635650635
2 0.2859531044960022 0.5086246728897095 0.21209374070167542 0.15235430002212524
9 0.05234374850988388 0.6794872283935547 0.1015625 0.30069929361343384
0 0.15859374403953552 0.5116549730300903 0.0078125 0.039627015590667725
9 0.05000000074505806 0.5093240141868591 0.006250001490116119 0.02097904682159424
0 0.04062499850988388 0.5081585049629211 0.009375002235174179 0.023310035467147827
