2 0.9098203182220459 0.5613750219345093 0.04826563596725464 0.21174997091293335
3 0.6118437647819519 0.4228541851043701 0.616937518119812 0.7917916774749756
0 0.12656250596046448 0.5463541746139526 0.04549999535083771 0.2069166898727417
0 0.05559375137090683 0.5458958148956299 0.030687499791383743 0.17550000548362732
0 0.016695313155651093 0.5485833287239075 0.033390626311302185 0.1706666648387909
0 0.16695311665534973 0.5911145806312561 0.07140626013278961 0.27806249260902405
0 0.08291406184434891 0.49695834517478943 0.01692187786102295 0.053416669368743896
0 0.9336249828338623 0.4869270920753479 0.01971876621246338 0.1016874611377716
4 0.06953125447034836 0.7958333492279053 0.13593749701976776 0.34583336114883423
0 0.18281249701976776 0.5874999761581421 0.03749999403953552 0.2541666626930237
0 0.03203124925494194 0.5489583015441895 0.02968749962747097 0.16874998807907104
0 0.10312500596046448 0.5395833253860474 0.03750000149011612 0.1875
0 0.29218751192092896 0.5541666746139526 0.028125017881393433 0.1916666328907013
0 0.07421875 0.49166667461395264 0.014062494039535522 0.07499995827674866
0 0.25 0.4583333134651184 0.021875008940696716 0.045833319425582886
0 0.26953125 0.48229163885116577 0.01718747615814209 0.08541664481163025
0 0.9476562738418579 0.4854166805744171 0.0234375 0.10416668653488159
