2 0.04401562362909317 0.8096816539764404 0.08506250381469727 0.3603537678718567
10 0.3833593726158142 0.5898938775062561 0.7667187452316284 0.784268856048584
0 0.8173202872276306 0.6707665324211121 0.13410937786102295 0.3135613203048706
0 0.880929708480835 0.6456013917922974 0.09289062023162842 0.3852122724056244
0 0.7840859889984131 0.5645047426223755 0.03070312738418579 0.17363208532333374
0 0.6524921655654907 0.5333018898963928 0.05854684114456177 0.13410377502441406
8 0.7744922041893005 0.4918749928474426 0.024265646934509277 0.05747640132904053
8 0.7230625152587891 0.5407782793045044 0.04743748903274536 0.11344343423843384
0 0.8044062256813049 0.5476061105728149 0.043843746185302734 0.15483492612838745
8 0.6983593702316284 0.48508256673812866 0.02324998378753662 0.031344324350357056
2 0.9609375 0.6482311487197876 0.078125 0.4865565896034241
8 0.7637969255447388 0.5860967040061951 0.036968767642974854 0.16775941848754883
8 0.6867187023162842 0.5636792182922363 0.042187511920928955 0.1320754885673523
0 0.535937488079071 0.5176886916160583 0.02187502384185791 0.06367924809455872
