1 0.46260935068130493 0.809374988079071 0.13103124499320984 0.13958334922790527
1 0.649734377861023 0.7842082977294922 0.08659374713897705 0.13091665506362915
1 0.6863046884536743 0.8420416712760925 0.09495317935943604 0.1755833625793457
1 0.8651719093322754 0.7432082891464233 0.10809379816055298 0.08116668462753296
1 0.20127344131469727 0.8078437447547913 0.15660937130451202 0.16843748092651367
1 0.12421093881130219 0.852135419845581 0.1647343635559082 0.1721041202545166
1 0.07649999856948853 0.8986979126930237 0.15299999713897705 0.20260417461395264
1 0.8570312261581421 0.88322913646698 0.28593748807907104 0.2293749451637268
1 0.7614140510559082 0.8736666440963745 0.1737968921661377 0.23279166221618652
2 0.6042265892028809 0.7329167127609253 0.05920308828353882 0.0819583535194397
0 0.9028046727180481 0.6931145787239075 0.027109384536743164 0.05289578437805176
0 0.05106250196695328 0.7623124718666077 0.0546875 0.056708335876464844
0 0.20566406846046448 0.7201354503631592 0.015953123569488525 0.017687499523162842
0 0.5559062361717224 0.7177083492279053 0.01653122901916504 0.05624997615814209
0 0.7203906178474426 0.7296874523162842 0.02559375762939453 0.037625014781951904
0 0.5261406302452087 0.7021562457084656 0.00859379768371582 0.0158541202545166
1 0.5177422165870667 0.7510625123977661 0.06142190098762512 0.09000003337860107
0 0.3131406307220459 0.7985208034515381 0.05118751525878906 0.1446666121482849
0 0.974429726600647 0.6871874928474426 0.03089064359664917 0.05566668510437012
0 0.9572499990463257 0.686593770980835 0.01750004291534424 0.04635417461395264
1 0.6067500114440918 0.7607187628746033 0.03878128528594971 0.08718752861022949
2 0.8157187700271606 0.7023645639419556 0.10343748331069946 0.1208541989326477
0 0.18917188048362732 0.7246041297912598 0.008218750357627869 0.012791693210601807
0 0.02031249925494194 0.7697916626930237 0.02187499962747097 0.04375004768371582
1 0.2710937559604645 0.8010416626930237 0.048437491059303284 0.11041665077209473
1 0.2835937440395355 0.7958333492279053 0.0390625 0.09166663885116577
2 0.31328123807907104 0.768750011920929 0.07656249403953552 0.09166669845581055
1 0.3500000238418579 0.7708333134651184 0.025000005960464478 0.07083332538604736
1 0.37578123807907104 0.7510416507720947 0.0703125 0.07708334922790527
0 0.514843761920929 0.7000000476837158 0.01406252384185791 0.012499988079071045
0 0.49609375 0.699999988079071 0.010937482118606567 0.02499997615814209
0 0.6429687738418579 0.7020833492279053 0.014062464237213135 0.02916663885116577
1 0.6898437738418579 0.8072916269302368 0.1171875 0.12708336114883423
1 0.9351562261581421 0.9291666746139526 0.12656253576278687 0.13749998807907104
1 0.936718761920929 0.7531249523162842 0.12343752384185791 0.08125001192092896
0 0.9273437261581421 0.7000000476837158 0.029687464237213135 0.05833333730697632
0 0.731249988079071 0.7364583015441895 0.00937497615814209 0.02291661500930786
2 0.6773437261581421 0.7072916626930237 0.07343751192092896 0.06875002384185791
0 0.25703126192092896 0.7208333015441895 0.010937482118606567 0.04166668653488159
