0 0.5892655849456787 0.4417916536331177 0.03981250524520874 0.09936109185218811
0 0.6418671607971191 0.5105277895927429 0.03414064645767212 0.2228333055973053
9 0.3134687542915344 0.4136388897895813 0.040687501430511475 0.06777775287628174
9 0.34809374809265137 0.41830557584762573 0.026906251907348633 0.05866667628288269
0 0.6138125061988831 0.4470694363117218 0.021531224250793457 0.11486107110977173
1 0.4517500102519989 0.4201388955116272 0.07150000333786011 0.03244444727897644
1 0.9465781450271606 0.43691667914390564 0.07918751239776611 0.023888885974884033
1 0.5600312352180481 0.4204583168029785 0.042750000953674316 0.03108331561088562
1 0.6588437557220459 0.43029165267944336 0.032968759536743164 0.01774999499320984
1 0.3296875059604645 0.4555555582046509 0.15312498807907104 0.20555555820465088
4 0.54296875 0.5694444179534912 0.2796875238418579 0.4055555462837219
1 0.797656238079071 0.4333333373069763 0.0546875 0.016666650772094727
1 0.578125 0.4263888895511627 0.05624997615814209 0.01944446563720703
1 0.5296875238418579 0.4305555820465088 0.03125 0.01111111044883728
4 0.7562500238418579 0.49444442987442017 0.050000011920928955 0.18888887763023376
