1 0.1441640555858612 0.702253520488739 0.16376562416553497 0.11192488670349121
1 0.3955390453338623 0.6680750846862793 0.06370314955711365 0.05408447980880737
1 0.46992969512939453 0.6786150336265564 0.050921887159347534 0.0559154748916626
1 0.5616797208786011 0.6535680890083313 0.019421875476837158 0.030657291412353516
1 0.44667187333106995 0.6524648070335388 0.026624977588653564 0.03483569622039795
1 0.5401796698570251 0.6609859466552734 0.01776564121246338 0.03413146734237671
0 0.3257812559604645 0.813380241394043 0.08281248807907104 0.36854463815689087
0 0.6301015615463257 0.6597535014152527 0.016640663146972656 0.06321597099304199
1 0.5026875138282776 0.6638262867927551 0.03750002384185791 0.062253475189208984
1 0.8159609436988831 0.625410795211792 0.025234341621398926 0.012370944023132324
1 0.5754843950271606 0.6386033296585083 0.01778125762939453 0.018568098545074463
1 0.9722109436988831 0.626032829284668 0.028609395027160645 0.014553964138031006
1 0.3218749761581421 0.6654929518699646 0.06874999403953552 0.05868542194366455
1 0.8890625238418579 0.6244131326675415 0.03125 0.01408451795578003
