1 0.7273906469345093 0.6117908954620361 0.31306248903274536 0.3879295885562897
1 0.6505546569824219 0.41480332612991333 0.12992185354232788 0.054782599210739136
1 0.7377734184265137 0.40908902883529663 0.11501562595367432 0.07204967737197876
1 0.8111484050750732 0.4002070426940918 0.10635942220687866 0.055942028760910034
0 0.6283124685287476 0.3602484464645386 0.04118746519088745 0.05188405513763428
0 0.20453906059265137 0.38125258684158325 0.04401561617851257 0.07322978973388672
0 0.6020156145095825 0.359886109828949 0.02287501096725464 0.03985509276390076
1 0.8492343425750732 0.3846376836299896 0.05112498998641968 0.05300205945968628
1 0.8724765777587891 0.575093150138855 0.25504690408706665 0.3025258481502533
1 0.07909374684095383 0.5446169972419739 0.15818749368190765 0.22753623127937317
1 0.19655469059944153 0.5197515487670898 0.1828281283378601 0.22343683242797852
2 0.9297187328338623 0.42811593413352966 0.14056247472763062 0.19238096475601196
0 0.5938281416893005 0.3673809766769409 0.03303122520446777 0.051904767751693726
2 0.39375001192092896 0.524844765663147 0.25 0.34989649057388306
4 0.500781238079071 0.7039337158203125 0.44218751788139343 0.4306418299674988
