1 0.2411796897649765 0.5205841064453125 0.047578126192092896 0.08892524242401123
9 0.9355390071868896 0.4371495246887207 0.012265622615814209 0.021869152784347534
9 0.8323827981948853 0.4302336573600769 0.01523435115814209 0.019158869981765747
1 0.06180468574166298 0.5375000238418579 0.11635937541723251 0.12546733021736145
9 0.861578106880188 0.4188784956932068 0.014562487602233887 0.019205600023269653
1 0.018078124150633812 0.5141238570213318 0.036156248301267624 0.07745328545570374
1 0.6185234189033508 0.48871496319770813 0.04907810688018799 0.05588787794113159
9 0.17421874403953552 0.3855140209197998 0.0390625 0.08411216735839844
9 0.15781250596046448 0.36682242155075073 0.01874999701976776 0.051401883363723755
9 0.14296874403953552 0.3866822421550751 0.029687508940696716 0.0677570104598999
9 0.3960937261581421 0.42640185356140137 0.029687494039535522 0.07242992520332336
9 0.4273437261581421 0.42406541109085083 0.029687494039535522 0.10046729445457458
4 0.4781250059604645 0.5011682510375977 0.018750011920928955 0.044392526149749756
4 0.5601562261581421 0.5490654110908508 0.0546875 0.07943928241729736
