0 0.5194140672683716 0.5248243808746338 0.2925468683242798 0.9149882793426514
0 0.808117151260376 0.6235948204994202 0.17092186212539673 0.626955509185791
0 0.9287968873977661 0.5876463651657104 0.14240622520446777 0.5640515089035034
0 0.3641640543937683 0.4727517366409302 0.03376561403274536 0.1698126494884491
0 0.3199453055858612 0.461241215467453 0.042640626430511475 0.19175642728805542
0 0.10273437201976776 0.4587002396583557 0.04203125089406967 0.16550350189208984
0 0.17566406726837158 0.470714271068573 0.03148438036441803 0.16208431124687195
0 0.14954687654972076 0.46370023488998413 0.028499990701675415 0.16374707221984863
0 0.05022656172513962 0.474016398191452 0.04564062878489494 0.17037469148635864
0 0.21009375154972076 0.4718267023563385 0.03834375739097595 0.15264636278152466
1 0.6746171712875366 0.40741217136383057 0.03751564025878906 0.03393441438674927
0 0.3020625114440918 0.44283372163772583 0.030437499284744263 0.14538642764091492
10 0.7359374761581421 0.4379391074180603 0.15625 0.10304450988769531
10 0.942187488079071 0.42740046977996826 0.11562502384185791 0.1147540807723999
10 0.4281249940395355 0.3477751612663269 0.140625 0.1053864061832428
0 0.34687501192092896 0.44847774505615234 0.03437498211860657 0.1615924835205078
0 0.02109375037252903 0.4414519667625427 0.03281250223517418 0.1334894597530365
10 0.3226562738418579 0.41803279519081116 0.12656250596046448 0.1428571343421936
