1 0.3144843876361847 0.4921830892562866 0.2633437514305115 0.15807509422302246
1 0.9433281421661377 0.5752699375152588 0.11165624856948853 0.29030513763427734
1 0.6752421855926514 0.4639554023742676 0.20101559162139893 0.09086856245994568
1 0.03149218484759331 0.48446008563041687 0.060109373182058334 0.13323944807052612
3 0.1801484376192093 0.3865140676498413 0.26157811284065247 0.1393192708492279
7 0.5481562614440918 0.575352132320404 0.15993750095367432 0.5582159757614136
0 0.7888593673706055 0.4641784131526947 0.02037501335144043 0.07920187711715698
0 0.8080078363418579 0.46442490816116333 0.021921873092651367 0.08204224705696106
0 0.8398984670639038 0.4661971926689148 0.025734364986419678 0.08384978771209717
0 0.9170781373977661 0.4576643109321594 0.02446877956390381 0.07453051209449768
0 0.9405390620231628 0.4344601035118103 0.030453085899353027 0.07549294829368591
1 0.4125702977180481 0.4342136085033417 0.10176560282707214 0.08438968658447266
