1 0.40565624833106995 0.297341912984848 0.06640625 0.06466042995452881
4 0.4124453067779541 0.6398477554321289 0.22801563143730164 0.539648711681366
4 0.5282421708106995 0.606803297996521 0.12667188048362732 0.46241217851638794
4 0.5730546712875366 0.5680210590362549 0.12198436260223389 0.4283606708049774
4 0.6178515553474426 0.5520140528678894 0.1061093807220459 0.3686182498931885
0 0.259703129529953 0.5543091297149658 0.2840937376022339 0.8279625177383423
4 0.6897109746932983 0.32316160202026367 0.0343593955039978 0.10299766063690186
4 0.6600703001022339 0.5731616020202637 0.08517187833786011 0.24510538578033447
4 0.6867812871932983 0.5185011625289917 0.1264374852180481 0.29320845007896423
4 0.7386875152587891 0.5392974615097046 0.06325000524520874 0.20946139097213745
4 0.7323827743530273 0.3965807855129242 0.11789065599441528 0.09784543514251709
4 0.7210937738418579 0.35597190260887146 0.045312464237213135 0.14519906044006348
