2 0.8262500166893005 0.5525000095367432 0.16750001907348633 0.12000000476837158
0 0.949999988079071 0.6575000286102295 0.09000003337860107 0.18000000715255737
3 0.949999988079071 0.5212500095367432 0.10000002384185791 0.07249999046325684
0 0.03375000134110451 0.6274999976158142 0.057500001043081284 0.15999996662139893
0 0.26624998450279236 0.5637500286102295 0.05749998986721039 0.08750003576278687
0 0.44624999165534973 0.5724999904632568 0.052500009536743164 0.08500003814697266
0 0.3425000011920929 0.625 0.06000000238418579 0.13499999046325684
0 0.4937499761581421 0.5724999904632568 0.04249998927116394 0.07999998331069946
0 0.5425000190734863 0.637499988079071 0.06499999761581421 0.1499999761581421
0 0.14875000715255737 0.5299999713897705 0.027499988675117493 0.04000002145767212
0 0.1899999976158142 0.5299999713897705 0.030000001192092896 0.04000002145767212
0 0.5362499952316284 0.5399999618530273 0.022500038146972656 0.04500001668930054
0 0.6237499713897705 0.5375000238418579 0.017499983310699463 0.06000000238418579
0 0.6612499952316284 0.5562499761581421 0.03250002861022949 0.07249999046325684
0 0.6825000047683716 0.5449999570846558 0.019999980926513672 0.050000011920928955
5 0.7037500143051147 0.5375000238418579 0.0274999737739563 0.04500001668930054
