1 0.6291171908378601 0.3733428120613098 0.059671878814697266 0.05615529417991638
0 0.30040624737739563 0.5647064447402954 0.11900000274181366 0.48240530490875244
0 0.5413437485694885 0.4640435576438904 0.11865624785423279 0.262935608625412
0 0.6535468697547913 0.6124526262283325 0.1328125 0.44475382566452026
0 0.40879684686660767 0.5247159004211426 0.12049999833106995 0.40223488211631775
0 0.8009843826293945 0.8041950464248657 0.358875036239624 0.3916098475456238
0 0.7471327781677246 0.5797727108001709 0.11123436689376831 0.39549240469932556
0 0.40349218249320984 0.8539204597473145 0.30770307779312134 0.2921590805053711
1 0.564523458480835 0.3483712077140808 0.015640616416931152 0.020303010940551758
1 0.5129921436309814 0.3447158932685852 0.02548438310623169 0.026401489973068237
1 0.468937486410141 0.34879735112190247 0.04937499761581421 0.05827653408050537
0 0.6771796941757202 0.35352271795272827 0.009390592575073242 0.03374999761581421
0 0.2718750238418579 0.3532196879386902 0.021874994039535522 0.06628787517547607
