1 0.6131874918937683 0.6021249890327454 0.4010624885559082 0.4010624885559082
1 0.5395703315734863 0.5271797180175781 0.3128281235694885 0.32173436880111694
1 0.3373124897480011 0.3852187395095825 0.16190624237060547 0.1302187442779541
1 0.34465622901916504 0.4243124723434448 0.15187498927116394 0.15471872687339783
1 0.4215703010559082 0.43418753147125244 0.2140781581401825 0.1573750078678131
1 0.4388437569141388 0.5016718506813049 0.19796878099441528 0.2761875092983246
0 0.8390624523162842 0.6426328420639038 0.31562501192092896 0.6196406483650208
1 0.26625001430511475 0.3662734627723694 0.06209374964237213 0.09251561760902405
0 0.6018984317779541 0.33174216747283936 0.03126561641693115 0.07614061236381531
0 0.5058281421661377 0.33357030153274536 0.02362501621246338 0.046265631914138794
