3 0.30516406893730164 0.5835294127464294 0.38948437571525574 0.6964706182479858
3 0.8346171975135803 0.6048823595046997 0.329828143119812 0.32505881786346436
0 0.015343749895691872 0.6241765022277832 0.027437500655651093 0.12905877828598022
2 0.6973047256469727 0.7128000259399414 0.30226558446884155 0.3663058876991272
1 0.5236953496932983 0.7131294012069702 0.06795316934585571 0.2839529514312744
0 0.5271640419960022 0.5222235321998596 0.018203139305114746 0.0497647225856781
0 0.5692421793937683 0.5381882190704346 0.010265588760375977 0.020941197872161865
0 0.5386171936988831 0.5189647078514099 0.01451563835144043 0.05774116516113281
0 0.5064452886581421 0.5233647227287292 0.01410934329032898 0.038541197776794434
0 0.5185546875 0.5190470218658447 0.009359359741210938 0.05244702100753784
0 0.5448281168937683 0.5307999849319458 0.015781283378601074 0.0387764573097229
0 0.5101562738418579 0.50705885887146 0.010937511920928955 0.03529411554336548
0 0.5015624761581421 0.5058823823928833 0.0062499940395355225 0.02352944016456604
1 0.522656261920929 0.570588231086731 0.07343748211860657 0.044705867767333984
