0 0.1651953160762787 0.6757293939590454 0.15485936403274536 0.6203058958053589
0 0.4735156297683716 0.4518705904483795 0.06356251239776611 0.08538824319839478
8 0.23995313048362732 0.5166000127792358 0.048593759536743164 0.24501174688339233
0 0.05211718752980232 0.5239999890327454 0.02835937589406967 0.20847058296203613
8 0.29344531893730164 0.5342352986335754 0.04676562547683716 0.2523764669895172
0 0.026390625163912773 0.5056352615356445 0.034718748182058334 0.22167056798934937
0 0.015937499701976776 0.5569999814033508 0.029406249523162842 0.28072938323020935
0 0.25425779819488525 0.42838823795318604 0.018203124403953552 0.03461176156997681
0 0.8041093349456787 0.541705846786499 0.08321875333786011 0.35202354192733765
0 0.078125 0.544705867767334 0.078125 0.31294116377830505
4 0.41093748807907104 0.5764706134796143 0.265625 0.4000000059604645
4 0.5547812581062317 0.5883882641792297 0.14549997448921204 0.1836470663547516
0 0.8771640658378601 0.5182235240936279 0.11510932445526123 0.4545646905899048
0 0.12265625596046448 0.47647058963775635 0.06093750149011612 0.17647060751914978
8 0.20078125596046448 0.43294116854667664 0.02656249701976776 0.07058823108673096
8 0.3515625 0.4470587968826294 0.059374988079071045 0.08941176533699036
4 0.6875 0.589411735534668 0.21875 0.4588235020637512
