3 0.24616406857967377 0.46524059772491455 0.49232813715934753 0.4147907793521881
3 0.5906484127044678 0.48456066846847534 0.1921406388282776 0.16330543160438538
0 0.5476250052452087 0.6336192488670349 0.13984373211860657 0.3298744857311249
0 0.11640624701976776 0.695439338684082 0.23281249403953552 0.6007530689239502
0 0.8635156154632568 0.6629183888435364 0.21315622329711914 0.6741632223129272
0 0.9707578420639038 0.6145083904266357 0.05848437547683716 0.2615690529346466
0 0.3976406157016754 0.7516945600509644 0.20784372091293335 0.4696652889251709
0 0.6737968921661377 0.5395606756210327 0.027781248092651367 0.1244351863861084
0 0.7436875104904175 0.5485355854034424 0.037343740463256836 0.16079500317573547
0 0.7045390605926514 0.5151360034942627 0.012265622615814209 0.061694562435150146
0 0.7749297022819519 0.522416353225708 0.02695310115814209 0.09964436292648315
0 0.7934062480926514 0.49830543994903564 0.036499977111816406 0.0497070848941803
5 0.9694530963897705 0.8223012685775757 0.05890625715255737 0.35539746284484863
