1 0.8077343702316284 0.31840625405311584 0.1328125 0.09422916173934937
1 0.6946953535079956 0.31464582681655884 0.10164064168930054 0.0690416693687439
1 0.20854687690734863 0.3023645877838135 0.0793437510728836 0.07481250166893005
1 0.160945326089859 0.27568748593330383 0.04060937464237213 0.05491666495800018
1 0.9410156011581421 0.3465833365917206 0.11796873807907104 0.09354168176651001
3 0.4279453158378601 0.2682499885559082 0.10620313882827759 0.08650001883506775
4 0.45732033252716064 0.4075312614440918 0.16523435711860657 0.2096875011920929
4 0.6031718850135803 0.4333645701408386 0.27431249618530273 0.2993541657924652
1 0.9054453372955322 0.2538958191871643 0.02770310640335083 0.02441665530204773
1 0.5859922170639038 0.28717708587646484 0.06510943174362183 0.048312485218048096
1 0.09660937637090683 0.2665208578109741 0.015625 0.022583335638046265
2 0.3184453248977661 0.2736145853996277 0.13379687070846558 0.09460414946079254
4 0.46364063024520874 0.4842187762260437 0.05521875619888306 0.13456252217292786
4 0.32987499237060547 0.3647291660308838 0.11768749356269836 0.109458327293396
4 0.7866015434265137 0.531583309173584 0.31795310974121094 0.33508333563804626
4 0.7009297013282776 0.46281248331069946 0.2259218692779541 0.2149166762828827
4 0.27686721086502075 0.3319791555404663 0.08598437905311584 0.09195831418037415
4 0.3465000092983246 0.3839687705039978 0.06521874666213989 0.11106249690055847
1 0.20301562547683716 0.2684895992279053 0.07774999737739563 0.04935416579246521
5 0.08046874403953552 0.27291667461395264 0.01406250149011612 0.050000011920928955
5 0.10781249403953552 0.27395832538604736 0.00937499850988388 0.043749988079071045
7 0.13515624403953552 0.3020833432674408 0.02031250298023224 0.12083335220813751
