0 0.7999999523162842 0.6549999713897705 0.08499997854232788 0.18000000715255737
0 0.7425000071525574 0.5687500238418579 0.034999966621398926 0.09250003099441528
0 0.699999988079071 0.5399999618530273 0.029999971389770508 0.07499998807907104
0 0.8587499856948853 0.5774999856948853 0.0625 0.11500000953674316
8 0.38499999046325684 0.6962500214576721 0.06499999761581421 0.20249998569488525
8 0.4650000035762787 0.6525000333786011 0.04000002145767212 0.16500002145767212
8 0.5062499642372131 0.6612499952316284 0.04749998450279236 0.16750001907348633
8 0.5512499809265137 0.6699999570846558 0.052500009536743164 0.17000001668930054
0 0.7799999713897705 0.518750011920929 0.025000035762786865 0.04250001907348633
1 0.23500001430511475 0.59375 0.1300000101327896 0.10749995708465576
4 0.04625000059604645 0.5462499856948853 0.06749999523162842 0.05750000476837158
