0 0.051249999552965164 0.6912499666213989 0.0924999937415123 0.16249996423721313
0 0.10500000417232513 0.6075000166893005 0.06000000238418579 0.125
0 0.20125000178813934 0.5699999928474426 0.03749999403953552 0.08500003814697266
0 0.26499998569488525 0.6499999761581421 0.0599999874830246 0.17500001192092896
0 0.2224999964237213 0.6050000190734863 0.025000005960464478 0.11000001430511475
0 0.3499999940395355 0.6825000047683716 0.07499998807907104 0.21000003814697266
0 0.8400000333786011 0.6012499928474426 0.05500000715255737 0.1575000286102295
0 0.8799999952316284 0.5912500023841858 0.06000000238418579 0.1625000238418579
0 0.9724999666213989 0.6887500286102295 0.050000011920928955 0.24250000715255737
0 0.9437500238418579 0.5874999761581421 0.08250004053115845 0.14000004529953003
