0 0.05874999612569809 0.5237500071525574 0.01249999925494194 0.03750002384185791
0 0.12999999523162842 0.5362499952316284 0.015000000596046448 0.047500014305114746
0 0.23999999463558197 0.5812499523162842 0.034999996423721313 0.10250002145767212
0 0.30250000953674316 0.6050000190734863 0.05500000715255737 0.10500001907348633
0 0.3449999988079071 0.6112500429153442 0.04500001668930054 0.11750000715255737
0 0.4350000023841858 0.6637499928474426 0.09000000357627869 0.19749999046325684
0 0.6274999976158142 0.7699999809265137 0.12000000476837158 0.3149999976158142
8 0.9149999618530273 0.6812499761581421 0.06000000238418579 0.20750004053115845
8 0.7450000047683716 0.6800000071525574 0.08500003814697266 0.2200000286102295
0 0.5712499618530273 0.6212500333786011 0.04249995946884155 0.1274999976158142
8 0.625 0.5862500071525574 0.059999942779541016 0.08249998092651367
0 0.3700000047683716 0.5712499618530273 0.04500001668930054 0.0975000262260437
8 0.8237500190734863 0.6024999618530273 0.037499964237213135 0.09999996423721313
8 0.8587499856948853 0.6150000095367432 0.03750002384185791 0.10000002384185791
