2 0.14000000059604645 0.6399999856948853 0.2800000011920929 0.1850000023841858
3 0.4012500047683716 0.5074999928474426 0.0625 0.07500001788139343
10 0.3075000047683716 0.5249999761581421 0.11000001430511475 0.10499998927116394
0 0.12250000238418579 0.5287500023841858 0.025000005960464478 0.04250001907348633
0 0.7475000023841858 0.5874999761581421 0.034999966621398926 0.09499996900558472
0 0.8875000476837158 0.5837500095367432 0.04500001668930054 0.10249996185302734
0 0.8149999976158142 0.3387500047683716 0.029999971389770508 0.04250001907348633
0 0.8899999856948853 0.36000001430511475 0.04500001668930054 0.04499998688697815
0 0.5074999928474426 0.5412499904632568 0.014999985694885254 0.047500014305114746
8 0.9737499952316284 0.6962500214576721 0.047500014305114746 0.20249998569488525
0 0.5512499809265137 0.53125 0.017499983310699463 0.047500014305114746
