1 0.4026600122451782 0.29977065324783325 0.0658399760723114 0.06969419121742249
0 0.8000999689102173 0.3203822672367096 0.02899998426437378 0.058746159076690674
0 0.9763699769973755 0.3466513752937317 0.033940017223358154 0.1334250569343567
5 0.45633000135421753 0.781712532043457 0.43306002020835876 0.40226298570632935
5 0.6501500010490417 0.37680429220199585 0.04498004913330078 0.07103976607322693
5 0.06392999738454819 0.5629204511642456 0.12785999476909637 0.31685012578964233
5 0.11647000163793564 0.5377370119094849 0.13138000667095184 0.21663609147071838
5 0.25481998920440674 0.7555351853370667 0.19704000651836395 0.33455657958984375
5 0.25071999430656433 0.3791131377220154 0.03519999980926514 0.06666666269302368
0 0.618690013885498 0.3197553753852844 0.015299975872039795 0.070275217294693
0 0.6475200057029724 0.3103363811969757 0.020280003547668457 0.06379204988479614
5 0.9692299962043762 0.47697246074676514 0.06154000759124756 0.07718655467033386
0 0.5764700174331665 0.3473700284957886 0.022660017013549805 0.13266056776046753
5 0.6288700103759766 0.7329204678535461 0.13585996627807617 0.21507644653320312
5 0.45899999141693115 0.34097859263420105 0.034000009298324585 0.1498470902442932
5 0.527999997138977 0.3654434084892273 0.0559999942779541 0.20489296317100525
5 0.9169999957084656 0.46330276131629944 0.10199999809265137 0.39449542760849
5 0.7459999918937683 0.5107033848762512 0.13199996948242188 0.4709480106830597
