1 0.644281268119812 0.1704374998807907 0.2226250171661377 0.2810833156108856
5 0.6213594079017639 0.4307500123977661 0.2854062616825104 0.7176666259765625
0 0.677734375 0.016385415568947792 0.02396869659423828 0.031729165464639664
2 0.2530781328678131 0.27364581823349 0.5061562657356262 0.546791672706604
0 0.7856249809265137 0.06484375149011612 0.02556246519088745 0.12147916853427887
0 0.5445312261581421 0.04791666567325592 0.029687464237213135 0.09583333134651184
0 0.5640624761581421 0.04270833358168602 0.015625 0.08541666716337204
0 0.6109374761581421 0.01666666753590107 0.028124988079071045 0.03333333507180214
0 0.6640625 0.015625 0.02499997615814209 0.03125
0 0.692187488079071 0.01770833507180214 0.015625 0.03125
