1 0.31217753887176514 0.7853202819824219 0.15946397185325623 0.08498436212539673
0 0.7548073530197144 0.7818437814712524 0.052696824073791504 0.12887495756149292
0 0.7153266668319702 0.7950234413146973 0.04418760538101196 0.11448436975479126
0 0.2426968216896057 0.7688281536102295 0.023517608642578125 0.07612496614456177
1 0.6205527782440186 0.7475156188011169 0.06629812717437744 0.046249985694885254
1 0.5544891357421875 0.7450624704360962 0.05571192502975464 0.04521876573562622
1 0.3818341791629791 0.7661562561988831 0.09036850929260254 0.06343746185302734
0 0.12259631603956223 0.7820781469345093 0.03504188358783722 0.1131250262260437
1 0.4341624975204468 0.7578593492507935 0.06306532025337219 0.053812503814697266
0 0.2230820655822754 0.760937511920929 0.0345393568277359 0.08053123950958252
5 0.6331658363342285 0.8646875023841858 0.07035171985626221 0.1262500286102295
1 0.3787437081336975 0.7310859560966492 0.07142379879951477 0.014359354972839355
0 0.7085427045822144 0.745312511920929 0.033500850200653076 0.04062497615814209
0 0.4681742191314697 0.731249988079071 0.015075355768203735 0.03750002384185791
0 0.48073703050613403 0.7320312261581421 0.016750425100326538 0.042187511920928955
0 0.14907872676849365 0.75390625 0.020100504159927368 0.07968747615814209
0 0.2604690194129944 0.7359374761581421 0.018425464630126953 0.028124988079071045
