3 0.10324999690055847 0.6497777700424194 0.20649999380111694 0.2792778015136719
3 0.32572656869888306 0.63334721326828 0.12489062547683716 0.06375002861022949
5 0.09921874850988388 0.8291666507720947 0.18593750894069672 0.3361111283302307
4 0.22578126192092896 0.7513889074325562 0.11406250298023224 0.180555522441864
4 0.34375 0.7819443941116333 0.11874997615814209 0.2805555462837219
5 0.4742187559604645 0.7597222328186035 0.08281248807907104 0.2638888955116272
4 0.5359375476837158 0.7263888716697693 0.050000011920928955 0.19722223281860352
4 0.617968738079071 0.7166666984558105 0.06406247615814209 0.16111105680465698
4 0.749218761920929 0.6861110925674438 0.06093752384185791 0.13333332538604736
4 0.578906238079071 0.6791666746139526 0.02968752384185791 0.11388885974884033
4 0.40937501192092896 0.7541666626930237 0.05937501788139343 0.2194443941116333
4 0.6664062738418579 0.6625000238418579 0.0390625 0.05833333730697632
2 0.7242187261581421 0.6208333373069763 0.057812511920928955 0.03611111640930176
2 0.89453125 0.6277778148651123 0.09531247615814209 0.06666666269302368
5 0.90625 0.6875 0.11249995231628418 0.14722228050231934
4 0.839062511920929 0.6333333253860474 0.03750002384185791 0.06666666269302368
