3 0.928906261920929 0.4746018648147583 0.1421874761581421 0.4179157018661499
0 0.16844531893730164 0.6669086813926697 0.043734386563301086 0.2532552480697632
0 0.2156953066587448 0.661920428276062 0.05951562523841858 0.26702576875686646
0 0.06340625137090683 0.6590046882629395 0.04962499812245369 0.28058552742004395
0 0.15247656404972076 0.5609835982322693 0.030203133821487427 0.09119439125061035
0 0.3146640658378601 0.6468266844749451 0.04385936260223389 0.24578452110290527
0 0.13325780630111694 0.5319086909294128 0.016390636563301086 0.07894614338874817
0 0.22967968881130219 0.549168586730957 0.024515628814697266 0.06995314359664917
0 0.16623437404632568 0.505409836769104 0.009781241416931152 0.05250585079193115
0 0.2507578134536743 0.6484543085098267 0.034828126430511475 0.2250117063522339
0 0.2686718702316284 0.6316510438919067 0.03359374403953552 0.23070257902145386
0 0.09337499737739563 0.6189344525337219 0.03437500447034836 0.2483138144016266
0 0.021492186933755875 0.5703747272491455 0.02823437564074993 0.13489460945129395
1 0.2950702905654907 0.5145316123962402 0.049421876668930054 0.07459017634391785
3 0.34792184829711914 0.4467681646347046 0.031187504529953003 0.057283371686935425
0 0.14921875298023224 0.5163934230804443 0.017187505960464478 0.04918032884597778
0 0.16015625 0.5 0.010937511920928955 0.03981265425682068
0 0.171875 0.5187353491783142 0.012499988079071045 0.04918035864830017
0 0.18359375 0.5210772752761841 0.014062494039535522 0.08665105700492859
0 0.24531249701976776 0.5023419260978699 0.009375005960464478 0.03512883186340332
0 0.25390625 0.5081967115402222 0.020312488079071045 0.04683840274810791
0 0.20546874403953552 0.5281030535697937 0.014062508940696716 0.08196723461151123
0 0.2867187559604645 0.4777517318725586 0.0078125 0.01405152678489685
0 0.30859375 0.5409835577011108 0.02968752384185791 0.07494145631790161
0 0.3499999940395355 0.631147563457489 0.018750011920928955 0.22248244285583496
3 0.61328125 0.44262295961380005 0.5234375 0.7822014093399048
3 0.2523437440395355 0.46370023488998413 0.07343749701976776 0.11709603667259216
1 0.34375 0.4871194362640381 0.015625 0.028103023767471313
0 0.05156249925494194 0.6147540807723999 0.02499999850988388 0.2084309458732605
