3 0.5367187261581421 0.5020833015441895 0.47343748807907104 0.4208333194255829
0 0.8927812576293945 0.5068958401679993 0.006531238555908203 0.030583292245864868
0 0.8673202991485596 0.5127812623977661 0.011921882629394531 0.04418748617172241
0 0.8234140872955322 0.5138958692550659 0.010234415531158447 0.039541661739349365
5 0.9720780849456787 0.5785833597183228 0.05518752336502075 0.0845000147819519
0 0.7961875200271606 0.5016145706176758 0.009343743324279785 0.029104173183441162
0 0.878250002861023 0.514468789100647 0.00931251049041748 0.038229167461395264
0 0.8587343692779541 0.5145416259765625 0.00625002384185791 0.03716665506362915
0 0.7843749523162842 0.5104166865348816 0.012499988079071045 0.04999998211860657
0 0.8304687738418579 0.5125000476837158 0.0078125 0.04166668653488159
0 0.8382812738418579 0.5135416984558105 0.0078125 0.043749988079071045
0 0.8460937738418579 0.5135416984558105 0.010937511920928955 0.03958335518836975
0 0.9609375 0.5135416388511658 0.00937497615814209 0.031249970197677612
1 0.9906250238418579 0.5135416984558105 0.015625 0.043749988079071045
