2 0.19571876525878906 0.2514588236808777 0.23981250822544098 0.15063530206680298
1 0.9241952896118164 0.23720000684261322 0.04526561498641968 0.08621177077293396
10 0.8508671522140503 0.18342353403568268 0.08242183923721313 0.14952942728996277
0 0.5061171650886536 0.25837647914886475 0.031015604734420776 0.11783529818058014
1 0.647390604019165 0.19467058777809143 0.02559375762939453 0.031129419803619385
1 0.6908906102180481 0.1923176348209381 0.020593762397766113 0.03644706308841705
1 0.2616874873638153 0.21670588850975037 0.07799999415874481 0.07011765241622925
2 0.655023455619812 0.174294114112854 0.014953136444091797 0.01663529872894287
0 0.533703088760376 0.25310587882995605 0.02521878480911255 0.10108236968517303
0 0.5023437738418579 0.20309412479400635 0.010312497615814209 0.029152944684028625
0 0.4935937523841858 0.21137647330760956 0.015093773603439331 0.04755294322967529
5 0.7210859060287476 0.22511765360832214 0.044734418392181396 0.07847058773040771
2 0.781726598739624 0.20080000162124634 0.08426564931869507 0.16917645931243896
5 0.888421893119812 0.23309412598609924 0.03621876239776611 0.11607058346271515
1 0.3977890610694885 0.2393176406621933 0.12370312213897705 0.15242353081703186
0 0.8507812023162842 0.23411765694618225 0.026562511920928955 0.09176470339298248
