0 0.13624998927116394 0.6225000023841858 0.05249999463558197 0.11500000953674316
0 0.17249999940395355 0.59375 0.04499998688697815 0.08249998092651367
0 0.2587500214576721 0.5662499666213989 0.027500003576278687 0.04749995470046997
1 0.2824999988079071 0.6649999618530273 0.18000000715255737 0.1600000262260437
2 0.41874998807907104 0.53125 0.052499979734420776 0.04250001907348633
1 0.42000001668930054 0.5600000023841858 0.04999998211860657 0.039999961853027344
1 0.4375 0.5862500071525574 0.07499998807907104 0.06749999523162842
1 0.48750001192092896 0.6412500143051147 0.14000001549720764 0.13749998807907104
0 0.7825000286102295 0.7475000023841858 0.10499995946884155 0.26999998092651367
0 0.8637499809265137 0.7312500476837158 0.07749998569488525 0.23250001668930054
0 0.9362499713897705 0.7212499976158142 0.10750001668930054 0.22249996662139893
9 0.7212499976158142 0.7087500095367432 0.06749999523162842 0.10750001668930054
