10 0.2104218751192093 0.2618958353996277 0.02634376287460327 0.03558333218097687
10 0.08151562511920929 0.3149375021457672 0.16100001335144043 0.17000001668930054
10 0.5823984146118164 0.2958437502384186 0.19207808375358582 0.148354172706604
1 0.2687031030654907 0.2603541612625122 0.02687498927116394 0.01845833659172058
1 0.2497265636920929 0.2619374990463257 0.017921864986419678 0.01716667413711548
1 0.23680469393730164 0.2590833306312561 0.02070312201976776 0.02829165756702423
1 0.8413671851158142 0.281395822763443 0.06742191314697266 0.028833329677581787
1 0.010937499813735485 0.34375 0.02187499962747097 0.19166666269302368
4 0.4710937738418579 0.4156250059604645 0.15781250596046448 0.4020833373069763
1 0.4273437559604645 0.375 0.23906248807907104 0.23750001192092896
10 0.3960937261581421 0.2593750059604645 0.12343749403953552 0.056249991059303284
10 0.8890625238418579 0.31041666865348816 0.17500001192092896 0.10833334922790527
10 0.803906261920929 0.25208333134651184 0.1890624761581421 0.07083332538604736
1 0.30859375 0.2604166865348816 0.0234375 0.016666680574417114
