0 0.6225000023841858 0.8262500166893005 0.17499995231628418 0.29750001430511475
9 0.7687499523162842 0.8512500524520874 0.14249998331069946 0.26249998807907104
0 0.643750011920929 0.65625 0.06749999523162842 0.2124999761581421
0 0.7362499833106995 0.6112500429153442 0.04250001907348633 0.13249999284744263
0 0.7862499952316284 0.6225000023841858 0.05750000476837158 0.15999996662139893
9 0.8862500190734863 0.6775000095367432 0.10250002145767212 0.1549999713897705
0 0.9700000286102295 0.6112500429153442 0.05500000715255737 0.10250002145767212
0 0.9587500095367432 0.8087500333786011 0.08249998092651367 0.3475000262260437
8 0.3362500071525574 0.7999999523162842 0.0925000011920929 0.32999998331069946
8 0.2175000011920929 0.7162500023841858 0.06999999284744263 0.22749996185302734
0 0.07000000029802322 0.6837500333786011 0.13500000536441803 0.20750004053115845
8 0.14625000953674316 0.706250011920929 0.07750000059604645 0.2174999713897705
0 0.39375001192092896 0.6287499666213989 0.08750000596046448 0.15749996900558472
