10 0.7076640725135803 0.42037472128868103 0.2248905897140503 0.35503512620925903
0 0.16945311427116394 0.5899180173873901 0.16471874713897705 0.4788524806499481
0 0.6296172142028809 0.6852458715438843 0.2885156273841858 0.6295081973075867
0 0.5171874761581421 0.5293091535568237 0.0701562762260437 0.22147539258003235
0 0.23469531536102295 0.625281035900116 0.30376559495925903 0.7400702238082886
0 0.08211718499660492 0.5778337717056274 0.10729687660932541 0.28227168321609497
0 0.4931640625 0.5171428322792053 0.025890618562698364 0.09985944628715515
2 0.922054648399353 0.46461355686187744 0.15589064359664917 0.2898828685283661
0 0.4319765567779541 0.6067798733711243 0.06382811069488525 0.2668149769306183
0 0.45689845085144043 0.504203736782074 0.016671866178512573 0.06264635920524597
1 0.83203125 0.5222482681274414 0.04218745231628418 0.12646371126174927
