0 0.1525000035762787 0.6237499713897705 0.04999999701976776 0.1274999976158142
8 0.44875001907348633 0.7137500047683716 0.07750001549720764 0.20249998569488525
8 0.5337499976158142 0.7100000381469727 0.06749999523162842 0.21999996900558472
8 0.59375 0.7300000190734863 0.06749999523162842 0.20999997854232788
8 0.6587499976158142 0.7512500286102295 0.07249999046325684 0.2225000262260437
0 0.7174999713897705 0.6512500047683716 0.07499998807907104 0.1625000238418579
0 0.949999988079071 0.7712500095367432 0.10000002384185791 0.26749998331069946
0 0.8737499713897705 0.5800000429153442 0.0274999737739563 0.06999999284744263
0 0.6587499976158142 0.5600000023841858 0.022500038146972656 0.0549999475479126
0 0.6312500238418579 0.5612499713897705 0.02249997854232788 0.05749994516372681
