5 0.10712499916553497 0.5948243141174316 0.024437502026557922 0.04955500364303589
1 0.3875077962875366 0.6153044700622559 0.16535934805870056 0.20259952545166016
1 0.8894296884536743 0.6289695501327515 0.22114062309265137 0.22533953189849854
1 0.4874609410762787 0.570351243019104 0.08360940217971802 0.11555033922195435
1 0.5140625238418579 0.5159367322921753 0.034937530755996704 0.04002338647842407
3 0.6348124742507935 0.47573769092559814 0.21837502717971802 0.2754098176956177
10 0.2634297013282776 0.4966276288032532 0.20685938000679016 0.24641689658164978
0 0.07362499833106995 0.5522599816322327 0.028437502682209015 0.11037471890449524
5 0.04393749684095383 0.6007376909255981 0.024937499314546585 0.06320846080780029
0 0.8753281235694885 0.5176697969436646 0.04324996471405029 0.12864172458648682
0 0.10390624403953552 0.5362997651100159 0.02968750149011612 0.07025766372680664
0 0.823437511920929 0.523419201374054 0.06875002384185791 0.142857164144516
4 0.20234376192092896 0.6463700532913208 0.09843750298023224 0.23887592554092407
