2 0.26499998569488525 0.5737500190734863 0.2750000059604645 0.16750001907348633
0 0.3399999737739563 0.6087499856948853 0.034999996423721313 0.12250000238418579
0 0.4350000023841858 0.5762500166893005 0.034999996423721313 0.08749997615814209
0 0.36500000953674316 0.7937500476837158 0.0949999988079071 0.35750001668930054
0 0.48124998807907104 0.793749988079071 0.13250002264976501 0.33249998092651367
0 0.5824999809265137 0.8187500238418579 0.09499996900558472 0.3525000214576721
0 0.7574999928474426 0.8187500238418579 0.15999996662139893 0.35750001668930054
0 0.5137500166893005 0.7149999737739563 0.07750001549720764 0.2549999952316284
0 0.5012499690055847 0.5850000381469727 0.04749998450279236 0.06999999284744263
2 0.8812500238418579 0.5375000238418579 0.18250000476837158 0.12000003457069397
1 0.7975000143051147 0.5612499713897705 0.11500000953674316 0.0625
1 0.7174999713897705 0.5637500286102295 0.10499995946884155 0.07750004529953003
2 0.6637499928474426 0.5349999666213989 0.05750000476837158 0.07499998807907104
