0 0.0925000011920929 0.8075000047683716 0.12000000476837158 0.35500001907348633
0 0.2849999964237213 0.7675000429153442 0.07499998807907104 0.32999998331069946
0 0.45375001430511475 0.7437499761581421 0.10249999165534973 0.2574999928474426
0 0.5212500095367432 0.7674999833106995 0.11249998211860657 0.3500000238418579
4 0.8100000023841858 0.6012499928474426 0.11500000953674316 0.09749996662139893
4 0.4000000059604645 0.6274999976158142 0.13499999046325684 0.12000000476837158
5 0.6037499904632568 0.6100000143051147 0.11750000715255737 0.06999999284744263
2 0.5712499618530273 0.5587500333786011 0.13749998807907104 0.07250005006790161
1 0.42375001311302185 0.5687500238418579 0.1274999976158142 0.05750000476837158
4 0.25999999046325684 0.5724999904632568 0.09000000357627869 0.06499999761581421
4 0.15125000476837158 0.5525000095367432 0.05249999463558197 0.034999966621398926
1 0.7012499570846558 0.5237500071525574 0.03249996900558472 0.022500038146972656
1 0.8424999713897705 0.5199999809265137 0.04500001668930054 0.025000035762786865
