0 0.1237499937415123 0.8062499761581421 0.14249999821186066 0.32750004529953003
0 0.22499999403953552 0.5525000095367432 0.040000006556510925 0.09000003337860107
4 0.20000000298023224 0.6762499809265137 0.1550000011920929 0.1524999737739563
0 0.7300000190734863 0.6974999904632568 0.06000000238418579 0.2250000238418579
0 0.7799999713897705 0.6924999952316284 0.06000000238418579 0.21000003814697266
0 0.5800000429153442 0.5662499666213989 0.06000000238418579 0.08750003576278687
0 0.6324999928474426 0.5712499618530273 0.02499997615814209 0.0975000262260437
0 0.6587499976158142 0.5737500190734863 0.027500033378601074 0.0975000262260437
8 0.893750011920929 0.6225000023841858 0.05750000476837158 0.12000000476837158
8 0.9637500047683716 0.6875 0.07249999046325684 0.2200000286102295
0 0.9012500047683716 0.8100000023841858 0.13750004768371582 0.33500003814697266
