1 0.07625000178813934 0.5612499713897705 0.10749999433755875 0.04749995470046997
1 0.22999998927116394 0.5612499713897705 0.12999998033046722 0.07250005006790161
3 0.4025000035762787 0.518750011920929 0.13999998569488525 0.0625
1 0.3375000059604645 0.5475000143051147 0.06999999284744263 0.0350000262260437
0 0.9125000238418579 0.8212499618530273 0.17000001668930054 0.3525000214576721
0 0.5487500429153442 0.5674999952316284 0.0274999737739563 0.05500000715255737
0 0.8174999952316284 0.6212500333786011 0.06000000238418579 0.10750001668930054
0 0.8462499976158142 0.5700000524520874 0.03250002861022949 0.06999999284744263
0 0.8899999856948853 0.5712500214576721 0.0350000262260437 0.07249999046325684
0 0.9437500238418579 0.5712500214576721 0.0274999737739563 0.07749998569488525
0 0.7925000190734863 0.5337499976158142 0.009999990463256836 0.03250002861022949
0 0.6850000023841858 0.5525000095367432 0.014999985694885254 0.04500001668930054
0 0.7462500333786011 0.5375000238418579 0.012499988079071045 0.04000002145767212
