4 0.5716484785079956 0.6125069856643677 0.13992184400558472 0.28540390729904175
4 0.7173984050750732 0.5765599012374878 0.11857813596725464 0.25679662823677063
4 0.4482968747615814 0.4603203237056732 0.03559374809265137 0.09835654497146606
4 0.33241406083106995 0.4405292570590973 0.045609354972839355 0.06896936893463135
0 0.9525547027587891 0.5057103037834167 0.030828118324279785 0.18562674522399902
0 0.9820078015327454 0.5145682096481323 0.03598439693450928 0.18133705854415894
1 0.14228124916553497 0.43252089619636536 0.07881250232458115 0.06303620338439941
4 0.1805156171321869 0.43899720907211304 0.05303125083446503 0.051754891872406006
1 0.08768749982118607 0.4390947222709656 0.041437506675720215 0.04548749327659607
4 0.2783203125 0.44136491417884827 0.04932814836502075 0.06596100330352783
4 0.6825391054153442 0.46479108929634094 0.03270310163497925 0.07799440622329712
