0 0.4375 0.5375000238418579 0.06499999761581421 0.0350000262260437
1 0.45750001072883606 0.6025000214576721 0.17000001668930054 0.11500000953674316
1 0.543749988079071 0.5662500262260437 0.08749997615814209 0.0625
1 0.5874999761581421 0.5449999570846558 0.06000000238418579 0.04500001668930054
1 0.7174999713897705 0.5362499952316284 0.06999999284744263 0.03750002384185791
1 0.7287499904632568 0.6024999618530273 0.12250000238418579 0.10499995946884155
2 0.7862499952316284 0.5199999809265137 0.047500014305114746 0.04500001668930054
1 0.8050000071525574 0.5375000238418579 0.04499995708465576 0.04000002145767212
2 0.7150000333786011 0.5024999976158142 0.04000002145767212 0.029999971389770508
1 0.6087499856948853 0.5275000333786011 0.047500014305114746 0.0350000262260437
8 0.9550000429153442 0.5575000047683716 0.06499999761581421 0.06499999761581421
8 0.9149999618530273 0.5487499833106995 0.0350000262260437 0.052500009536743164
8 0.8799999952316284 0.53125 0.034999966621398926 0.047500014305114746
8 0.8587499856948853 0.5249999761581421 0.03250002861022949 0.04000002145767212
8 0.8362500071525574 0.5237500071525574 0.022500038146972656 0.03250002861022949
