1 0.08317968994379044 0.5050117373466492 0.16635937988758087 0.5676290988922119
1 0.18099218606948853 0.20730046927928925 0.3589843511581421 0.2966197431087494
1 0.7376797199249268 0.1518075168132782 0.24495309591293335 0.2322065830230713
1 0.9250781536102295 0.16465961933135986 0.14609378576278687 0.1465492993593216
1 0.30424219369888306 0.15301643311977386 0.1334843784570694 0.1232629120349884
3 0.31049999594688416 0.08037558943033218 0.20921874046325684 0.12600938975811005
1 0.9690234661102295 0.16046948730945587 0.06195312738418579 0.10220656543970108
1 0.16600781679153442 0.09090375155210495 0.15764062106609344 0.10706572234630585
10 0.47581249475479126 0.07799296081066132 0.0729999840259552 0.09424883127212524
3 0.4320312440395355 0.0833333283662796 0.035937488079071045 0.11032863706350327
