0 0.8092812299728394 0.49709373712539673 0.08731251955032349 0.2539374828338623
0 0.9712578058242798 0.6677291393280029 0.05748438835144043 0.3021250367164612
0 0.8645312786102295 0.4791250228881836 0.0535624623298645 0.2171666920185089
0 0.5583671927452087 0.18063542246818542 0.00904691219329834 0.03172917664051056
2 0.2773125171661377 0.26080209016799927 0.23487499356269836 0.24922916293144226
0 0.572195291519165 0.17631250619888306 0.008328139781951904 0.029708340764045715
1 0.5041874647140503 0.3176145851612091 0.12428122758865356 0.15777082741260529
1 0.4267968535423279 0.21424999833106995 0.04300001263618469 0.052125006914138794
1 0.4862578213214874 0.2213020920753479 0.05632811784744263 0.039979174733161926
1 0.5055468678474426 0.19318750500679016 0.04109370708465576 0.05933333933353424
1 0.4721718728542328 0.16119791567325592 0.022249996662139893 0.020812511444091797
2 0.08089843392372131 0.3617916703224182 0.16179686784744263 0.296625018119812
1 0.43705469369888306 0.19954165816307068 0.03879687190055847 0.04466666281223297
1 0.39943748712539673 0.238197922706604 0.023593753576278687 0.11235417425632477
0 0.5250859260559082 0.15653124451637268 0.005859375 0.021812498569488525
0 0.5471093654632568 0.1811770796775818 0.01015627384185791 0.03789582848548889
0 0.5300859212875366 0.15721875429153442 0.00670313835144043 0.02277083694934845
1 0.4891093671321869 0.2316875010728836 0.056312501430511475 0.020833343267440796
1 0.4553202986717224 0.1808541715145111 0.03292188048362732 0.043083325028419495
1 0.4978671967983246 0.20502084493637085 0.033078134059906006 0.03308333456516266
1 0.49730467796325684 0.16379167139530182 0.018078088760375977 0.009083330631256104
2 0.02265624888241291 0.16354167461395264 0.04218750074505806 0.03958334028720856
0 0.5367187261581421 0.18125000596046448 0.010937511920928955 0.0416666716337204
