0 0.038750000298023224 0.7012499570846558 0.07750000059604645 0.22750002145767212
0 0.39125001430511475 0.6837500333786011 0.057499974966049194 0.20250004529953003
0 0.4424999952316284 0.6012500524520874 0.050000011920928955 0.11750000715255737
0 0.48374998569488525 0.6974999904632568 0.08749997615814209 0.2200000286102295
0 0.5750000476837158 0.6875 0.07499998807907104 0.20500004291534424
4 0.8025000095367432 0.6212500333786011 0.13999998569488525 0.09250003099441528
2 0.8799999952316284 0.5337499976158142 0.08500003814697266 0.05750000476837158
1 0.9600000381469727 0.6112500429153442 0.07499998807907104 0.1274999976158142
0 0.6537500023841858 0.6862499713897705 0.06749999523162842 0.21750003099441528
0 0.5987499952316284 0.6012499928474426 0.08249998092651367 0.10249996185302734
0 0.6399999856948853 0.5587499737739563 0.019999980926513672 0.05750000476837158
0 0.550000011920929 0.5750000476837158 0.034999966621398926 0.08499997854232788
5 0.7337499856948853 0.7250000238418579 0.11250001192092896 0.15500003099441528
1 0.7887499928474426 0.5325000286102295 0.047500014305114746 0.030000030994415283
