2 0.9262499809265137 0.5149999856948853 0.08750003576278687 0.04500001668930054
1 0.6537500023841858 0.5362499952316284 0.047500014305114746 0.03750002384185791
1 0.9724999666213989 0.5325000286102295 0.05500000715255737 0.0350000262260437
4 0.41874998807907104 0.6712499856948853 0.10249999165534973 0.1524999737739563
4 0.4737499952316284 0.65625 0.03749999403953552 0.08749997615814209
4 0.5175000429153442 0.6087499856948853 0.050000011920928955 0.0975000262260437
0 0.18250000476837158 0.643750011920929 0.11499999463558197 0.17250001430511475
0 0.05624999850988388 0.7274999618530273 0.11249999701976776 0.21999996900558472
0 0.3187499940395355 0.6187499761581421 0.06749999523162842 0.13249999284744263
0 0.2875000238418579 0.5987499952316284 0.034999996423721313 0.11750000715255737
1 0.71875 0.5062500238418579 0.027500033378601074 0.017499983310699463
