0 0.3808196783065796 0.38239842653274536 0.0977049171924591 0.04195311665534973
1 0.05984777584671974 0.5640624761581421 0.11501171439886093 0.2718749940395355
0 0.6264636516571045 0.49049997329711914 0.1522248387336731 0.18724998831748962
0 0.756440281867981 0.49727344512939453 0.20140516757965088 0.24142184853553772
2 0.10987119376659393 0.482421875 0.21936768293380737 0.2046874761581421
0 0.5235480070114136 0.4653359353542328 0.048266977071762085 0.10170310735702515
0 0.8852459192276001 0.6256015300750732 0.22950822114944458 0.5668281316757202
0 0.3231850266456604 0.555468738079071 0.26229506731033325 0.3140624761581421
0 0.39578455686569214 0.5218750238418579 0.06088992953300476 0.08750000596046448
0 0.45199060440063477 0.5054687261581421 0.06088992953300476 0.12343749403953552
3 0.8384075164794922 0.42109373211860657 0.3138173222541809 0.34843748807907104
0 0.4976580739021301 0.46015626192092896 0.03512880206108093 0.1015625
0 0.523419201374054 0.40156251192092896 0.07259953022003174 0.018749982118606567
