5 0.9103984236717224 0.8247780799865723 0.05704689025878906 0.13829439878463745
1 0.46080470085144043 0.7237499952316284 0.07076564431190491 0.0916588306427002
1 0.5230000019073486 0.7136799097061157 0.04290628433227539 0.09974300861358643
0 0.2698281407356262 0.7018107175827026 0.02306249737739563 0.11408883333206177
0 0.2777422070503235 0.6827453374862671 0.01860937476158142 0.09207940101623535
0 0.17546093463897705 0.838563084602356 0.05851562321186066 0.3228738307952881
0 0.29786717891693115 0.6905257105827332 0.014390617609024048 0.07824766635894775
0 0.12464062124490738 0.7094275951385498 0.04962499439716339 0.16198593378067017
0 0.8711718320846558 0.6551167964935303 0.0141562819480896 0.05892521142959595
1 0.9049609303474426 0.6941472291946411 0.05876564979553223 0.05824762582778931
1 0.37031251192092896 0.7266355156898499 0.11875000596046448 0.12616825103759766
1 0.5640624761581421 0.702102780342102 0.06874996423721313 0.07242989540100098
4 0.5625 0.7394859790802002 0.0625 0.12383174896240234
1 0.9007812738418579 0.7359813451766968 0.07968753576278687 0.10280376672744751
