0 0.12000000476837158 0.6962499618530273 0.07000000029802322 0.24250000715255737
0 0.23749999701976776 0.6875 0.09000000357627869 0.20500004291534424
0 0.35249999165534973 0.6549999713897705 0.06499999761581421 0.15500003099441528
0 0.44875001907348633 0.6362500190734863 0.04749998450279236 0.1524999737739563
0 0.4925000071525574 0.6262500286102295 0.03999999165534973 0.13249999284744263
2 0.59375 0.5787500143051147 0.13750004768371582 0.11750000715255737
2 0.7587499618530273 0.5475000143051147 0.08250004053115845 0.08499997854232788
4 0.8162499666213989 0.5812499523162842 0.05249994993209839 0.10250002145767212
0 0.32499998807907104 0.5950000286102295 0.03999999165534973 0.11499994993209839
0 0.29124999046325684 0.6237499713897705 0.04749998450279236 0.12250000238418579
