1 0.6074687242507935 0.6211482286453247 0.05134373903274536 0.04212939739227295
1 0.8380781412124634 0.609958291053772 0.06034374237060547 0.04033404588699341
4 0.02734375 0.6524008512496948 0.0234375 0.08141964673995972
0 0.09140625596046448 0.6471816301345825 0.04531250149011612 0.12526094913482666
4 0.15546874701976776 0.6576200723648071 0.07343750447034836 0.08350735902786255
4 0.34765625 0.6764091849327087 0.07968747615814209 0.15448856353759766
4 0.23749999701976776 0.7463465332984924 0.22812500596046448 0.32776618003845215
0 0.3734374940395355 0.6356993913650513 0.043749988079071045 0.10229647159576416
4 0.7757812738418579 0.6461377739906311 0.0546875 0.1273486614227295
4 0.753125011920929 0.6283924579620361 0.02499997615814209 0.10438412427902222
4 0.87890625 0.7212943434715271 0.10781252384185791 0.2693110704421997
4 0.9234374761581421 0.6294363737106323 0.046875 0.10647183656692505
4 0.66015625 0.6210855841636658 0.04843747615814209 0.05636739730834961
4 0.5484374761581421 0.6252609491348267 0.037499964237213135 0.04801666736602783
4 0.5804687738418579 0.6231732368469238 0.032812535762786865 0.04384130239486694
4 0.9671875238418579 0.6075156331062317 0.021874964237213135 0.05845510959625244
0 0.9429687261581421 0.614822506904602 0.0234375 0.09394568204879761
0 0.7367187738418579 0.6158664226531982 0.017187535762786865 0.05427974462509155
