9 0.4921015501022339 0.34258177876472473 0.06904685497283936 0.05936914682388306
9 0.11572656035423279 0.44418224692344666 0.0631406232714653 0.11757010221481323
9 0.3124296963214874 0.3838784992694855 0.06892186403274536 0.06761682033538818
9 0.6222265362739563 0.5492756962776184 0.2818906009197235 0.4237850606441498
9 0.495054692029953 0.4482710361480713 0.11732810735702515 0.20546725392341614
9 0.7740234136581421 0.5183995366096497 0.13060933351516724 0.334836483001709
9 0.9748749732971191 0.4004555940628052 0.05009371042251587 0.14581775665283203
9 0.9087656736373901 0.3597196340560913 0.07237499952316284 0.1326168179512024
0 0.24335938692092896 0.3511098027229309 0.08668752014636993 0.1944158971309662
1 0.10112500190734863 0.35350465774536133 0.050843752920627594 0.09429904818534851
1 0.161007821559906 0.31433409452438354 0.04254688322544098 0.04876169562339783
9 0.06180468946695328 0.448925256729126 0.04920312762260437 0.12327101826667786
0 0.6841719150543213 0.301588773727417 0.026562511920928955 0.1249532550573349
9 0.21916407346725464 0.6229322552680969 0.20964063704013824 0.5207242965698242
9 0.39185938239097595 0.41889017820358276 0.1327187418937683 0.16119158267974854
1 0.2055078148841858 0.3188668191432953 0.048984378576278687 0.043341100215911865
1 0.017124999314546585 0.35334110260009766 0.03424999862909317 0.11154207587242126
0 0.714062511920929 0.2745327353477478 0.03125 0.07710281014442444
9 0.7132812738418579 0.3528037667274475 0.06406253576278687 0.10280373692512512
0 0.5046875476837158 0.302570104598999 0.034375011920928955 0.10046729445457458
0 0.4585937261581421 0.28738316893577576 0.029687494039535522 0.08411215245723724
