0 0.05000000074505806 0.6387500166893005 0.0650000050663948 0.18250000476837158
0 0.10375000536441803 0.7699999809265137 0.09750000387430191 0.2850000262260437
0 0.25 0.6712499856948853 0.07499998807907104 0.17750000953674316
0 0.5499999523162842 0.5987499952316284 0.050000011920928955 0.11750000715255737
9 0.5049999952316284 0.5874999761581421 0.034999966621398926 0.06999999284744263
0 0.6150000095367432 0.5724999904632568 0.050000011920928955 0.07999998331069946
4 0.7462500333786011 0.5787500143051147 0.05249994993209839 0.08249998092651367
0 0.7587499618530273 0.5162500143051147 0.04249995946884155 0.052500009536743164
2 0.9237500429153442 0.5737500190734863 0.14749997854232788 0.10250002145767212
1 0.9637500047683716 0.6274999976158142 0.06749999523162842 0.12000000476837158
2 0.8487499952316284 0.5399999618530273 0.05750000476837158 0.06000000238418579
