0 0.3374999761581421 0.5912500023841858 0.030000001192092896 0.08749997615814209
1 0.6000000238418579 0.5987499952316284 0.17500001192092896 0.09249997138977051
1 0.9287500381469727 0.5737500190734863 0.0975000262260437 0.07749998569488525
1 0.7124999761581421 0.5674999952316284 0.09499996900558472 0.06000000238418579
1 0.7775000333786011 0.5512499809265137 0.06499999761581421 0.047500014305114746
1 0.8262500166893005 0.5412499904632568 0.04250001907348633 0.03250002861022949
0 0.2462500035762787 0.5562499761581421 0.03249998390674591 0.07249999046325684
0 0.0612499974668026 0.6587499976158142 0.07249999791383743 0.16750001907348633
0 0.19374999403953552 0.5549999475479126 0.042500004172325134 0.07499998807907104
0 0.14124999940395355 0.543749988079071 0.027500003576278687 0.07249999046325684
9 0.4449999928474426 0.5700000524520874 0.025000005960464478 0.06000000238418579
0 0.36250001192092896 0.5600000023841858 0.030000001192092896 0.08000004291534424
