1 0.05250000208616257 0.46088993549346924 0.07243749499320984 0.1281498670578003
1 0.1191718727350235 0.4427049160003662 0.03578125685453415 0.04718971252441406
0 0.5480781197547913 0.4482786953449249 0.05974996089935303 0.2544965147972107
0 0.45176562666893005 0.4631615877151489 0.06199997663497925 0.24988290667533875
0 0.3787500262260437 0.4447423815727234 0.05703124403953552 0.25042152404785156
0 0.3384062647819519 0.44511711597442627 0.038093775510787964 0.191826730966568
0 0.41481250524520874 0.4482786953449249 0.038468748331069946 0.24836069345474243
0 0.4728984236717224 0.3725644052028656 0.039015620946884155 0.10274004936218262
0 0.29213282465934753 0.4499765634536743 0.045890629291534424 0.17302104830741882
0 0.7015625238418579 0.620608925819397 0.25937503576278687 0.6932083964347839
