1 0.2824999988079071 0.5962499976158142 0.11500000953674316 0.09749996662139893
1 0.03125 0.5600000023841858 0.0625 0.0700000524520874
1 0.07249999791383743 0.5275000333786011 0.08500000089406967 0.04500001668930054
1 0.36250001192092896 0.5212500095367432 0.03999999165534973 0.027500033378601074
0 0.5024999976158142 0.6699999570846558 0.06000003218650818 0.18000000715255737
8 0.5987499952316284 0.7049999833106995 0.052500009536743164 0.23500001430511475
8 0.6274999976158142 0.6737499833106995 0.034999966621398926 0.16750001907348633
8 0.6675000190734863 0.7837499976158142 0.08499997854232788 0.2625000476837158
8 0.7400000095367432 0.84375 0.13499999046325684 0.3125
8 0.7112500071525574 0.6387499570846558 0.052500009536743164 0.1274999976158142
8 0.7599999904632568 0.6812499761581421 0.06999999284744263 0.16249996423721313
0 0.84375 0.7537499666213989 0.08249998092651367 0.22750002145767212
0 0.8200000524520874 0.6850000023841858 0.06499999761581421 0.1799999475479126
0 0.6762499809265137 0.543749988079071 0.02249997854232788 0.052500009536743164
0 0.8487499952316284 0.543749988079071 0.027500033378601074 0.047500014305114746
0 0.9550000429153442 0.7975000143051147 0.0899999737739563 0.3199999928474426
0 0.8100000023841858 0.5337499976158142 0.019999980926513672 0.03750002384185791
0 0.5950000286102295 0.5349999666213989 0.025000035762786865 0.050000011920928955
