9 0.21125000715255737 0.5625 0.027499988675117493 0.04999995231628418
0 0.2562500238418579 0.5325000286102295 0.027500003576278687 0.05500000715255737
0 0.3349999785423279 0.5349999666213989 0.030000001192092896 0.06499999761581421
9 0.24500000476837158 0.5974999666213989 0.0299999862909317 0.06000000238418579
9 0.22499999403953552 0.581250011920929 0.024999991059303284 0.047500014305114746
9 0.32749998569488525 0.5874999761581421 0.025000005960464478 0.04500001668930054
0 0.5612499713897705 0.6387499570846558 0.04749995470046997 0.14249998331069946
9 0.606249988079071 0.5887500047683716 0.03750002384185791 0.05750000476837158
9 0.65625 0.6150000095367432 0.06749999523162842 0.04500001668930054
9 0.6587499976158142 0.5862500071525574 0.03750002384185791 0.047500014305114746
9 0.6937500238418579 0.5887500047683716 0.03249996900558472 0.047500014305114746
9 0.7437499761581421 0.59375 0.037499964237213135 0.03750002384185791
9 0.8324999809265137 0.6274999976158142 0.05500000715255737 0.10000002384185791
9 0.7787500023841858 0.5874999761581421 0.03250002861022949 0.04500001668930054
