1 0.8607109785079956 0.374544233083725 0.16679686307907104 0.16747987270355225
0 0.2694999873638153 0.5129892826080322 0.3108749985694885 0.8329490423202515
0 0.5237812399864197 0.3296782970428467 0.04212498664855957 0.14005360007286072
0 0.4312500059604645 0.3170509338378906 0.043749988079071045 0.14616620540618896
0 0.47339844703674316 0.3179490566253662 0.0267031192779541 0.11343163251876831
0 0.5033906698226929 0.29958444833755493 0.012875020503997803 0.05793565511703491
0 0.5324453115463257 0.34412866830825806 0.015296876430511475 0.07404825091362
2 0.9624922275543213 0.3257104456424713 0.0750156044960022 0.16777478158473969
2 0.8605155944824219 0.2787533402442932 0.10781246423721313 0.047211796045303345
1 0.7959921956062317 0.31095173954963684 0.02676558494567871 0.056166231632232666
0 0.48716408014297485 0.29821714758872986 0.009890645742416382 0.06050938367843628
1 0.9912343621253967 0.49951744079589844 0.017531275749206543 0.15490618348121643
2 0.6070312261581421 0.30026811361312866 0.10781246423721313 0.20911529660224915
0 0.5335937738418579 0.3270777463912964 0.017187535762786865 0.11260053515434265
