1 0.13960155844688416 0.436830997467041 0.028703123331069946 0.03347417712211609
1 0.10465624928474426 0.46079811453819275 0.07112500071525574 0.0687323808670044
1 0.1677265614271164 0.44552814960479736 0.03982812166213989 0.04335680603981018
0 0.6468750238418579 0.6120539903640747 0.19687503576278687 0.5480515956878662
0 0.7329999804496765 0.5219366550445557 0.06290626525878906 0.26823943853378296
0 0.2526484429836273 0.4782394468784332 0.024515628814697266 0.1153990626335144
0 0.31520313024520874 0.4620305299758911 0.01628124713897705 0.11053991317749023
0 0.3628827929496765 0.5223122239112854 0.04029688239097595 0.24354460835456848
0 0.2871953248977661 0.5561736822128296 0.08376564085483551 0.28539904952049255
0 0.5496562719345093 0.3756103217601776 0.01628124713897705 0.038262903690338135
9 0.7512187957763672 0.39280515909194946 0.027687489986419678 0.05298122763633728
0 0.8915156126022339 0.5603873133659363 0.17171871662139893 0.4515727758407593
1 0.059507813304662704 0.532018780708313 0.1177968755364418 0.19079813361167908
9 0.7758984565734863 0.41389673948287964 0.030484378337860107 0.09680750966072083
3 0.23515623807907104 0.39553990960121155 0.05781249701976776 0.049295783042907715
0 0.21171873807907104 0.5199530124664307 0.04218749701976776 0.21830981969833374
0 0.19296875596046448 0.5246478915214539 0.0234375 0.15727698802947998
0 0.3335937261581421 0.47887325286865234 0.029687494039535522 0.13615024089813232
0 0.38671875 0.49295774102211 0.02968752384185791 0.19718307256698608
0 0.44453126192092896 0.48239436745643616 0.03593751788139343 0.17136150598526
0 0.48046875 0.4683098793029785 0.0234375 0.12441316246986389
0 0.49296873807907104 0.4589201807975769 0.01718747615814209 0.10563382506370544
0 0.5015624761581421 0.44718310236930847 0.018750011920928955 0.08685445785522461
0 0.5906250476837158 0.5093896389007568 0.059374988079071045 0.23004692792892456
0 0.824999988079071 0.5751173496246338 0.10000002384185791 0.4084506928920746
0 0.8804687261581421 0.2816901206970215 0.035937488079071045 0.13145539164543152
0 0.8374999761581421 0.28051644563674927 0.021874964237213135 0.13380280137062073
9 0.899218738079071 0.2030516415834427 0.03281247615814209 0.06338027119636536
9 0.8843749761581421 0.20070421695709229 0.025000035762786865 0.0446009486913681
