5 0.9486874938011169 0.6968020796775818 0.07774996757507324 0.1872708797454834
1 0.7717734575271606 0.713979184627533 0.3274218440055847 0.296791672706604
1 0.6591405868530273 0.585895836353302 0.2043125033378601 0.15441668033599854
0 0.9179609417915344 0.518791675567627 0.07679688930511475 0.17041665315628052
0 0.7903828620910645 0.5203229188919067 0.046296894550323486 0.10897913575172424
0 0.8612890243530273 0.5209687948226929 0.043359339237213135 0.12206250429153442
0 0.9573593735694885 0.5407812595367432 0.05553126335144043 0.11268749833106995
1 0.04374999925494194 0.522447943687439 0.02918749861419201 0.03147917985916138
1 0.1446171998977661 0.5213021039962769 0.03773437440395355 0.02818751335144043
2 0.5754218697547913 0.5109687447547913 0.23756250739097595 0.11160418391227722
1 0.014039061963558197 0.532072901725769 0.02107812464237213 0.03143751621246338
0 0.03750000149011612 0.5364583730697632 0.01562500186264515 0.043749988079071045
5 0.07343749701976776 0.5750000476837158 0.03437500447034836 0.12916666269302368
5 0.12187499552965164 0.5802083015441895 0.03437499701976776 0.12291663885116577
0 0.16562500596046448 0.5677083730697632 0.03125 0.09791666269302368
4 0.530468761920929 0.7250000238418579 0.2109375 0.5083333253860474
4 0.4375 0.6822916865348816 0.10624998807907104 0.35208332538604736
4 0.3843749761581421 0.6520833373069763 0.08750000596046448 0.2958333492279053
4 0.3179687559604645 0.6447916626930237 0.07343751192092896 0.28125
4 0.26484376192092896 0.6343749761581421 0.0703125149011612 0.22708332538604736
