0 0.9474999904632568 0.7100000381469727 0.10500001907348633 0.22499996423721313
0 0.7712500095367432 0.7625000476837158 0.10249996185302734 0.32999998331069946
0 0.7124999761581421 0.6187499761581421 0.04500001668930054 0.13249999284744263
0 0.6274999976158142 0.6575000286102295 0.08000004291534424 0.1850000023841858
8 0.5037499666213989 0.6287499666213989 0.04749998450279236 0.14249998331069946
8 0.45499998331069946 0.6225000023841858 0.03999999165534973 0.13499999046325684
8 0.4012500047683716 0.6274999976158142 0.047500014305114746 0.13999998569488525
8 0.3487499952316284 0.6212500333786011 0.047500014305114746 0.13249999284744263
0 0.2487500011920929 0.6462500095367432 0.0625 0.14249998331069946
0 0.19875000417232513 0.6850000023841858 0.0925000011920929 0.21500003337860107
0 0.07124999910593033 0.6649999618530273 0.07750000059604645 0.17000001668930054
