1 0.7174687385559082 0.7907739877700806 0.08974999189376831 0.10204339027404785
1 0.8259140849113464 0.8026779890060425 0.1282656192779541 0.12077397108078003
1 0.6048281192779541 0.7976316213607788 0.09715628623962402 0.1006501317024231
4 0.5036953091621399 0.8049535751342773 0.052671879529953 0.12173372507095337
0 0.31132030487060547 0.7775386571884155 0.03289061784744263 0.16628485918045044
0 0.25450000166893005 0.7076005935668945 0.023781239986419678 0.05965942144393921
0 0.3283671736717224 0.7093188762664795 0.01479688286781311 0.03374612331390381
1 0.6593906283378601 0.7884055376052856 0.04262495040893555 0.08244580030441284
1 0.5575391054153442 0.7799844741821289 0.028140604496002197 0.042941153049468994
1 0.5370000004768372 0.7789938449859619 0.024718761444091797 0.043498456478118896
1 0.29374998807907104 0.7693498134613037 0.22187499701976776 0.19504648447036743
