2 0.06499999761581421 0.5974999666213989 0.12999999523162842 0.10999995470046997
1 0.13374999165534973 0.5625 0.07250000536441803 0.06500005722045898
0 0.5475000143051147 0.574999988079071 0.029999971389770508 0.11000001430511475
0 0.6875 0.6212500333786011 0.0549999475479126 0.15749996900558472
0 0.8100000023841858 0.6162500381469727 0.07500004768371582 0.1524999737739563
0 0.96875 0.6362500190734863 0.05750000476837158 0.13249999284744263
0 0.9149999618530273 0.6362500190734863 0.050000011920928955 0.13249999284744263
4 0.956250011920929 0.8374999761581421 0.08249998092651367 0.2900000214576721
2 0.23999999463558197 0.5049999952316284 0.030000001192092896 0.019999980926513672
0 0.3812500238418579 0.5237500071525574 0.02250000834465027 0.04250001907348633
0 0.4012500047683716 0.5249999761581421 0.017499983310699463 0.04500001668930054
