1 0.16734375059604645 0.5305416584014893 0.3321562707424164 0.4728611409664154
1 0.9474062919616699 0.4528055787086487 0.0922812819480896 0.20900002121925354
0 0.1633906364440918 0.23506945371627808 0.034218743443489075 0.07591666281223297
0 0.06666406244039536 0.2483472228050232 0.03523437678813934 0.09113889932632446
0 0.05024218559265137 0.2510555386543274 0.022046875208616257 0.09238889813423157
0 0.6907187700271606 0.3152777850627899 0.04521876573562622 0.15194445848464966
0 0.8452656269073486 0.3961944580078125 0.06700003147125244 0.3287777900695801
0 0.583734393119812 0.3078611195087433 0.02259373664855957 0.16566665470600128
1 0.1694609522819519 0.3270000219345093 0.294921875 0.08327779173851013
0 0.20859375596046448 0.2152777910232544 0.08281250298023224 0.1250000149011612
0 0.24062499403953552 0.25138887763023376 0.06562499701976776 0.08611111342906952
0 0.9468749761581421 0.2944444417953491 0.078125 0.14444445073604584
0 0.4296875 0.6041666865348816 0.30937501788139343 0.7861111164093018
0 0.65625 0.5111111402511597 0.3343750238418579 0.9722222685813904
