1 0.9475781321525574 0.613979160785675 0.10484373569488525 0.2774166762828827
4 0.681390643119812 0.6277291774749756 0.13168752193450928 0.202875018119812
4 0.7762812376022339 0.6094062328338623 0.11612498760223389 0.20643752813339233
4 0.8668359518051147 0.602062463760376 0.11179685592651367 0.21370834112167358
0 0.46894532442092896 0.6019270420074463 0.07704687118530273 0.3213958144187927
0 0.15084373950958252 0.5825625061988831 0.042125001549720764 0.29320836067199707
0 0.26207810640335083 0.6097604036331177 0.07246872782707214 0.34452080726623535
0 0.4189531207084656 0.5710833072662354 0.07540625333786011 0.3113333582878113
0 0.6039140224456787 0.5062291622161865 0.04976564645767212 0.12495836615562439
0 0.5595546960830688 0.4947812557220459 0.054328083992004395 0.1341458559036255
0 0.1829531192779541 0.5075312256813049 0.03428123891353607 0.13447913527488708
0 0.7968437671661377 0.4805416464805603 0.06712502241134644 0.09858331084251404
0 0.09609375149011612 0.5062500238418579 0.0234375 0.13333335518836975
0 0.21718749403953552 0.6135416626930237 0.056249991059303284 0.34375
0 0.29765623807907104 0.6208333373069763 0.07968750596046448 0.3166666328907013
0 0.2749999761581421 0.4677083492279053 0.021874994039535522 0.047916680574417114
0 0.27812498807907104 0.4427083134651184 0.03749999403953552 0.052083343267440796
0 0.31171876192092896 0.515625 0.04218748211860657 0.17291665077209473
0 0.49296873807907104 0.4583333134651184 0.020312517881393433 0.045833319425582886
0 0.500781238079071 0.46875 0.0234375 0.04166668653488159
0 0.37968748807907104 0.5739583373069763 0.06562498211860657 0.2854166328907013
0 0.7124999761581421 0.484375 0.028124988079071045 0.09791669249534607
0 0.73828125 0.5166666507720947 0.04531252384185791 0.1874999701976776
0 0.8835937976837158 0.47083336114883423 0.057812511920928955 0.07916668057441711
0 0.9757812023162842 0.4739583134651184 0.026562511920928955 0.06041666865348816
0 0.989062488079071 0.46041667461395264 0.02187502384185791 0.05416667461395264
0 0.35859376192092896 0.47604167461395264 0.029687494039535522 0.08541667461395264
0 0.8226562738418579 0.47708332538604736 0.026562511920928955 0.07916665077209473
4 0.59765625 0.6208333373069763 0.1171875 0.2541666328907013
