0 0.07124999910593033 0.7849999666213989 0.13750000298023224 0.32499998807907104
0 0.17749999463558197 0.7737500071525574 0.1249999925494194 0.33249998092651367
0 0.27250000834465027 0.6487500071525574 0.0650000125169754 0.16750001907348633
0 0.39249998331069946 0.596250057220459 0.034999996423721313 0.12250000238418579
0 0.3137499988079071 0.6087499856948853 0.047500014305114746 0.1274999976158142
1 0.8837499618530273 0.793749988079071 0.23250001668930054 0.3174999952316284
1 0.7662500143051147 0.6187499761581421 0.18250000476837158 0.12250000238418579
0 0.8949999809265137 0.5862500071525574 0.05500000715255737 0.09749996662139893
1 0.6862499713897705 0.5750000476837158 0.0975000262260437 0.07999998331069946
2 0.5249999761581421 0.5149999856948853 0.0350000262260437 0.04000002145767212
