0 0.1751718819141388 0.3257291615009308 0.06737498939037323 0.2566249966621399
0 0.6177187561988831 0.230364590883255 0.03337502479553223 0.062312498688697815
0 0.06578905880451202 0.31317710876464844 0.08560937643051147 0.18985417485237122
0 0.019703125581145287 0.3293958306312561 0.03940625116229057 0.18454165756702423
0 0.14362500607967377 0.19939583539962769 0.014593750238418579 0.01783333718776703
0 0.9686015844345093 0.36884376406669617 0.06279689073562622 0.43931251764297485
0 0.06193750351667404 0.24568749964237213 0.033156249672174454 0.070166677236557
4 0.25078126788139343 0.4958333373069763 0.36406251788139343 0.5375000238418579
0 0.12109375 0.20520833134651184 0.014062494039535522 0.010416656732559204
1 0.5101562738418579 0.2541666626930237 0.07031252980232239 0.0625
1 0.5101562738418579 0.21770833432674408 0.06718748807907104 0.022916674613952637
0 0.5617187023162842 0.2395833432674408 0.035937488079071045 0.07500000298023224
0 0.551562488079071 0.21770833432674408 0.02499997615814209 0.06458333134651184
1 0.6164062023162842 0.23645833134651184 0.08906251192092896 0.0729166716337204
0 0.6789062023162842 0.19895833730697632 0.09843748807907104 0.0520833283662796
1 0.7648437023162842 0.21041667461395264 0.07343751192092896 0.07916666567325592
1 0.8023437261581421 0.21666666865348816 0.12343746423721313 0.06666666269302368
3 0.8343750238418579 0.12604166567325592 0.15937501192092896 0.18125000596046448
10 0.9515625238418579 0.1302083283662796 0.09375 0.12291666120290756
4 0.7281249761581421 0.5010416507720947 0.421875 0.5729166865348816
