1 0.9573437571525574 0.8032265901565552 0.08531248569488525 0.2430155873298645
0 0.1887708306312561 0.7988749742507935 0.26366668939590454 0.4022499918937683
0 0.6147187948226929 0.5659765601158142 0.025604188442230225 0.056015610694885254
0 0.703166663646698 0.5671406388282776 0.02866661548614502 0.058562517166137695
0 0.7448750138282776 0.5635781288146973 0.02308332920074463 0.06034374237060547
0 0.5074270963668823 0.5650469064712524 0.019979149103164673 0.04678124189376831
0 0.05587500333786011 0.645312488079071 0.048750001937150955 0.14368748664855957
0 0.726687490940094 0.5413124561309814 0.016875028610229492 0.02574998140335083
0 0.0260416679084301 0.6179687976837158 0.04791666567325592 0.12968748807907104
1 0.2614583373069763 0.6390625238418579 0.41458332538604736 0.13437503576278687
5 0.03541666641831398 0.828906238079071 0.06666667014360428 0.3359375
