0 0.043656252324581146 0.4258541762828827 0.023781251162290573 0.09799998998641968
9 0.05393750220537186 0.4150729179382324 0.01496874913573265 0.029729187488555908
9 0.09834374487400055 0.4101874828338623 0.018031246960163116 0.0299166738986969
9 0.1233515590429306 0.4124374985694885 0.015421867370605469 0.040708333253860474
1 0.6761484146118164 0.4142395853996277 0.08582812547683716 0.07727083563804626
1 0.8890859484672546 0.4050937592983246 0.07851564884185791 0.04577082395553589
1 0.7634766101837158 0.38875001668930054 0.054359376430511475 0.04495832324028015
1 0.7122265696525574 0.39233332872390747 0.02923440933227539 0.02799999713897705
1 0.7318359613418579 0.3891875147819519 0.030015647411346436 0.02816668152809143
1 0.5857343673706055 0.3817916512489319 0.022218763828277588 0.016708344221115112
1 0.5689218640327454 0.3804166615009308 0.019749999046325684 0.012458324432373047
1 0.6648671627044678 0.3737083375453949 0.02379685640335083 0.008291661739349365
1 0.5516093969345093 0.3778333067893982 0.009156286716461182 0.011124998331069946
