10 0.13374999165534973 0.5262500047683716 0.26249998807907104 0.11249998211860657
2 0.26625001430511475 0.5562499761581421 0.1925000101327896 0.08750003576278687
8 0.5012500286102295 0.6775000095367432 0.06250002980232239 0.2250000238418579
8 0.5874999761581421 0.7012499570846558 0.06000000238418579 0.2225000262260437
8 0.6875 0.6949999928474426 0.08000004291534424 0.23000001907348633
8 0.7987500429153442 0.7262499928474426 0.10250002145767212 0.27250003814697266
0 0.8700000047683716 0.6775000095367432 0.06000000238418579 0.18000000715255737
0 0.5974999666213989 0.5462499856948853 0.030000030994415283 0.06749999523162842
0 0.6712499856948853 0.5699999928474426 0.03250002861022949 0.09500002861022949
0 0.7512500286102295 0.5249999761581421 0.017499983310699463 0.04500001668930054
0 0.47874999046325684 0.5199999809265137 0.01750001311302185 0.050000011920928955
