0 0.25 0.7699999809265137 0.23000000417232513 0.4350000023841858
0 0.4449999928474426 0.6337499618530273 0.08000001311302185 0.2225000262260437
0 0.5399999618530273 0.5637500286102295 0.050000011920928955 0.12250000238418579
0 0.5862500071525574 0.5687500238418579 0.03750002384185791 0.10250002145767212
0 0.48874998092651367 0.5637500286102295 0.03749999403953552 0.12250000238418579
0 0.4337500035762787 0.5275000333786011 0.04250001907348633 0.06000000238418579
0 0.3525000214576721 0.5074999928474426 0.015000015497207642 0.034999966621398926
0 0.16124999523162842 0.5037499666213989 0.017499998211860657 0.04249998927116394
0 0.3037499785423279 0.5024999976158142 0.01750001311302185 0.029999971389770508
1 0.9049999713897705 0.5149999856948853 0.06499999761581421 0.029999971389770508
