0 0.23124998807907104 0.5912500023841858 0.04749999940395355 0.09249997138977051
0 0.30375000834465027 0.5874999761581421 0.05750000476837158 0.10499995946884155
0 0.42500001192092896 0.5687500238418579 0.04499998688697815 0.08750003576278687
8 0.8237500190734863 0.7074999809265137 0.12250000238418579 0.2900000214576721
8 0.9587500095367432 0.8137500286102295 0.08249998092651367 0.3675000071525574
0 0.6837499737739563 0.6225000023841858 0.0625 0.13999998569488525
0 0.6087499856948853 0.6012499928474426 0.047500014305114746 0.10749995708465576
8 0.7587499618530273 0.6100000143051147 0.04249995946884155 0.14499998092651367
0 0.9237500429153442 0.6787500381469727 0.13249999284744263 0.24250000715255737
0 0.21125000715255737 0.5562499761581421 0.027499988675117493 0.0625
0 0.058750003576278687 0.5562499761581421 0.04750000312924385 0.07750004529953003
0 0.11624999344348907 0.5587500333786011 0.03249999135732651 0.08250004053115845
0 0.1599999964237213 0.53125 0.019999995827674866 0.047500014305114746
