1 0.9612109661102295 0.9578958749771118 0.07492190599441528 0.08420830965042114
1 0.4642968773841858 0.8383541703224182 0.11153125762939453 0.07470834255218506
1 0.3933437466621399 0.7953645586967468 0.0416562557220459 0.046604156494140625
1 0.3637656271457672 0.75822913646698 0.026218771934509277 0.02712494134902954
1 0.44859373569488525 0.7523229122161865 0.02462497353553772 0.026187539100646973
1 0.609445333480835 0.8645312786102295 0.10014063119888306 0.09693747758865356
0 0.259039044380188 0.7704271078109741 0.011140614748001099 0.037437498569488525
1 0.41755467653274536 0.761593759059906 0.02492186427116394 0.02739584445953369
1 0.3123515844345093 0.7863750457763672 0.037703126668930054 0.04816669225692749
1 0.4058593809604645 0.7830416560173035 0.03571873903274536 0.03908336162567139
