0 0.773117184638977 0.8146061897277832 0.12504684925079346 0.34830546379089355
0 0.5859922170639038 0.8434009552001953 0.14864057302474976 0.3131980895996094
0 0.40378904342651367 0.8039379715919495 0.04604688286781311 0.286587119102478
0 0.45554685592651367 0.823484480381012 0.048031240701675415 0.23279237747192383
0 0.4806484580039978 0.8010262250900269 0.03414061665534973 0.21155136823654175
0 0.1774296760559082 0.7900954484939575 0.036265626549720764 0.2897852063179016
0 0.4358437657356262 0.7485440969467163 0.032312482595443726 0.15747016668319702
0 0.1549375057220459 0.8142840266227722 0.0521249920129776 0.27195703983306885
0 0.07868750393390656 0.820155143737793 0.05490625277161598 0.2853221893310547
0 0.2545156180858612 0.7955012321472168 0.05590623617172241 0.29663485288619995
0 0.30803126096725464 0.8012052774429321 0.05121874809265137 0.2709546685218811
1 0.3627578020095825 0.7678161859512329 0.05885937809944153 0.13902145624160767
0 0.02499999850988388 0.8353222012519836 0.046875 0.30548930168151855
0 0.11249999701976776 0.7923628091812134 0.05312499403953552 0.23389023542404175
3 0.3343749940395355 0.6766109466552734 0.33125001192092896 0.11694508790969849
1 0.21406251192092896 0.7875894904136658 0.04999999701976776 0.11455845832824707
0 0.524218738079071 0.8090692162513733 0.07656249403953552 0.2720763683319092
