4 0.8825078010559082 0.6920491456985474 0.030171871185302734 0.06508201360702515
0 0.32609373331069946 0.7584309577941895 0.06746873259544373 0.23147541284561157
0 0.2730078101158142 0.767248272895813 0.05548436939716339 0.20564407110214233
0 0.1722421944141388 0.8138055801391602 0.06892187893390656 0.2882201075553894
0 0.4238203167915344 0.712599515914917 0.03514063358306885 0.11784541606903076
0 0.38673436641693115 0.7112997770309448 0.025499999523162842 0.12119436264038086
0 0.12650001049041748 0.8106557130813599 0.09387500584125519 0.24426227807998657
0 0.8235156536102295 0.6613466143608093 0.02215629816055298 0.03922712802886963
4 0.6429687738418579 0.6967213153839111 0.06406253576278687 0.0960187315940857
4 0.922656238079071 0.6908664703369141 0.02968752384185791 0.06557375192642212
4 0.9593750238418579 0.6908664703369141 0.03125 0.07025760412216187
4 0.02031249925494194 0.6967213153839111 0.03750000149011612 0.06791567802429199
