1 0.8296612501144409 0.6696875095367432 0.06184583902359009 0.038187503814697266
3 0.6300584077835083 0.6800468564033508 0.14796733856201172 0.14734375476837158
3 0.7694509029388428 0.6266796588897705 0.09002333879470825 0.08176559209823608
3 0.5160280466079712 0.6111797094345093 0.07074764370918274 0.06610935926437378
0 0.71092289686203 0.8540234565734863 0.11432242393493652 0.20548439025878906
0 0.784988284111023 0.8525937795639038 0.09577101469039917 0.20503121614456177
0 0.2667289674282074 0.7939296960830688 0.04700934886932373 0.09592187404632568
0 0.11655373871326447 0.7576406002044678 0.021939247846603394 0.02353125810623169
0 0.13657709956169128 0.8048593997955322 0.05156542360782623 0.10984379053115845
0 0.06461448222398758 0.8049453496932983 0.03848130628466606 0.08798438310623169
6 0.1590537428855896 0.8029687404632568 0.023481309413909912 0.082156240940094
0 0.10564251989126205 0.8069530725479126 0.06563083827495575 0.10840624570846558
1 0.7976518869400024 0.6665546894073486 0.043341100215911865 0.031734347343444824
1 0.703119158744812 0.7025937438011169 0.02530372142791748 0.04324996471405029
1 0.8014252185821533 0.6592265367507935 0.05056077241897583 0.03610938787460327
3 0.6017289757728577 0.5994374752044678 0.08471965789794922 0.028124988079071045
3 0.9149065613746643 0.6868906021118164 0.067710280418396 0.07646876573562622
0 0.26620328426361084 0.7463124990463257 0.04235979914665222 0.035062551498413086
1 0.5140186548233032 0.6875 0.08411210775375366 0.03437495231628418
0 0.30140185356140137 0.78515625 0.04205605387687683 0.09218752384185791
