0 0.8949999809265137 0.5600000023841858 0.04000002145767212 0.0700000524520874
0 0.9350000023841858 0.6012500524520874 0.0549999475479126 0.12250000238418579
0 0.9737499952316284 0.6237499713897705 0.052500009536743164 0.1774999499320984
0 0.5425000190734863 0.5537499785423279 0.030000030994415283 0.06749999523162842
0 0.3037499785423279 0.6100000143051147 0.04249998927116394 0.12999999523162842
5 0.3787499964237213 0.6274999976158142 0.14749997854232788 0.15999996662139893
5 0.2462500035762787 0.800000011920929 0.17750000953674316 0.2250000238418579
0 0.16124999523162842 0.6850000023841858 0.10250000655651093 0.24000000953674316
0 0.11374999582767487 0.6449999809265137 0.0624999925494194 0.19999998807907104
0 0.04125000163912773 0.7174999713897705 0.08250000327825546 0.23499995470046997
1 0.5862500071525574 0.5287500023841858 0.0625 0.04250001907348633
2 0.6337500214576721 0.5024999976158142 0.047500014305114746 0.04999998211860657
0 0.42624998092651367 0.5487499833106995 0.027500003576278687 0.06749999523162842
0 0.7162500023841858 0.5199999809265137 0.01750004291534424 0.04500001668930054
