1 0.8962500095367432 0.563931941986084 0.2073124647140503 0.210117369890213
1 0.48725003004074097 0.5565493106842041 0.202937513589859 0.1905633509159088
4 0.380859375 0.6997065544128418 0.412906289100647 0.3257511854171753
0 0.6321718692779541 0.7008568048477173 0.09518754482269287 0.5740610361099243
0 0.7643749713897705 0.6880046725273132 0.17053121328353882 0.6239906549453735
9 0.13761718571186066 0.514753520488739 0.10470312833786011 0.34157276153564453
9 0.08750780671834946 0.7971948385238647 0.17201562225818634 0.37978875637054443
0 0.9365078210830688 0.46985915303230286 0.03079688549041748 0.0658685564994812
0 0.9134531021118164 0.4595891833305359 0.01981252431869507 0.05368545651435852
0 0.5455390810966492 0.44509389996528625 0.01517188549041748 0.036150217056274414
1 0.5465703010559082 0.49612677097320557 0.10089060664176941 0.06558683514595032
4 0.2825703024864197 0.6376643180847168 0.2247656285762787 0.1619952917098999
4 0.29771876335144043 0.5540610551834106 0.07765623927116394 0.05920189619064331
0 0.49979686737060547 0.45152580738067627 0.010937541723251343 0.020845085382461548
0 0.5306953191757202 0.44435447454452515 0.011359333992004395 0.03462442755699158
4 0.31413280963897705 0.544823944568634 0.14195311069488525 0.15992960333824158
0 0.4018203020095825 0.4597887396812439 0.011953145265579224 0.029859155416488647
0 0.4288593530654907 0.44926056265830994 0.010906249284744263 0.018755853176116943
0 0.796875 0.4577464759349823 0.02187502384185791 0.03286385536193848
