4 0.21875 0.5774999856948853 0.09750001132488251 0.06499999761581421
0 0.38749998807907104 0.5912500023841858 0.03999999165534973 0.09749996662139893
0 0.4137499928474426 0.8137500286102295 0.14250001311302185 0.3675000071525574
1 0.5375000238418579 0.518750011920929 0.050000011920928955 0.03750002384185791
3 0.8162499666213989 0.5237500071525574 0.36250001192092896 0.12749996781349182
2 0.9099999666213989 0.5649999976158142 0.17500001192092896 0.11500000953674316
1 0.9387500286102295 0.6437499523162842 0.11750000715255737 0.14249998331069946
5 0.8550000190734863 0.6899999976158142 0.2149999737739563 0.12999999523162842
1 0.4112499952316284 0.5375000238418579 0.11250001192092896 0.050000011920928955
1 0.2212499976158142 0.5275000333786011 0.08749999105930328 0.04500001668930054
3 0.0625 0.5137500166893005 0.12000000476837158 0.052500009536743164
4 0.7675000429153442 0.8412500023841858 0.18000000715255737 0.3125
1 0.9262499809265137 0.856249988079071 0.14249998331069946 0.2825000286102295
