1 0.10193750262260437 0.9728958606719971 0.19184374809265137 0.054208338260650635
1 0.26630470156669617 0.9839478731155396 0.14051564037799835 0.03210419416427612
0 0.46882814168930054 0.9749583005905151 0.036312490701675415 0.05008333921432495
0 0.5282187461853027 0.9677812457084656 0.03587496280670166 0.06239581108093262
0 0.5566250085830688 0.9638437032699585 0.015343785285949707 0.04947918653488159
0 0.6510547399520874 0.9644895792007446 0.054359376430511475 0.07102084159851074
0 0.6912031173706055 0.9627187252044678 0.019843757152557373 0.05214583873748779
0 0.9087734222412109 0.9663437604904175 0.031234383583068848 0.06731247901916504
0 0.7541484832763672 0.941239595413208 0.10054689645767212 0.11752080917358398
0 0.6055859327316284 0.9632083177566528 0.07679688930511475 0.07279163599014282
0 0.8451406359672546 0.9676458239555359 0.046656250953674316 0.06470835208892822
0 0.9585937261581421 0.949999988079071 0.06406253576278687 0.09583330154418945
0 0.921875 0.9760416746139526 0.04062497615814209 0.043749988079071045
