5 0.8962500095367432 0.5649999976158142 0.04250001907348633 0.08500003814697266
1 0.5087499618530273 0.59375 0.13249999284744263 0.09749996662139893
8 0.41624999046325684 0.6274999976158142 0.04749998450279236 0.12999999523162842
0 0.3712500035762787 0.7000000476837158 0.0625 0.20999997854232788
0 0.2512499988079071 0.7337499856948853 0.09250001609325409 0.24250000715255737
0 0.12250000238418579 0.7662500143051147 0.1599999964237213 0.26749998331069946
0 0.30000001192092896 0.6299999952316284 0.054999977350234985 0.08500003814697266
0 0.2212499976158142 0.675000011920929 0.0625 0.1499999761581421
0 0.3687500059604645 0.6050000190734863 0.052500009536743164 0.06999999284744263
0 0.02250000089406967 0.8174999952316284 0.04500000178813934 0.24000000953674316
1 0.581250011920929 0.5612499713897705 0.05750000476837158 0.05249994993209839
