0 0.03500000014901161 0.800000011920929 0.0650000050663948 0.36500000953674316
9 0.1850000023841858 0.6187499761581421 0.05500000715255737 0.11250001192092896
0 0.2524999976158142 0.625 0.04500000178813934 0.1549999713897705
4 0.48124998807907104 0.6687500476837158 0.1525000035762787 0.13249999284744263
4 0.5262500047683716 0.637499988079071 0.11749997735023499 0.09500002861022949
4 0.543749988079071 0.6075000166893005 0.13250002264976501 0.11000001430511475
2 0.6799999475479126 0.5349999666213989 0.06499999761581421 0.06000000238418579
1 0.7612500190734863 0.5499999523162842 0.07249999046325684 0.06000000238418579
1 0.9237500429153442 0.6387500166893005 0.14749997854232788 0.17250001430511475
0 0.8912500143051147 0.53125 0.017499983310699463 0.047500014305114746
4 0.6150000095367432 0.59375 0.06000000238418579 0.09249997138977051
