1 0.684749960899353 0.5579721927642822 0.06821876764297485 0.09383338689804077
1 0.7596640586853027 0.4937777817249298 0.022734403610229492 0.046611130237579346
4 0.9796015620231628 0.6325833201408386 0.040796875953674316 0.1926666498184204
4 0.8813828229904175 0.6000277996063232 0.05504685640335083 0.14188891649246216
4 0.8569843769073486 0.5826666355133057 0.07071876525878906 0.13022226095199585
4 0.958484411239624 0.6119861602783203 0.06537503004074097 0.16547220945358276
3 0.5772109031677246 0.4794583320617676 0.091921865940094 0.11447224020957947
3 0.2507656216621399 0.5006666779518127 0.20015625655651093 0.24761107563972473
3 0.43989062309265137 0.49969443678855896 0.15168750286102295 0.18827778100967407
3 0.817203164100647 0.4833333194255829 0.09431248903274536 0.1274999976158142
0 0.16092967987060547 0.5435555577278137 0.017765626311302185 0.11533331871032715
0 0.1376640498638153 0.5467361211776733 0.019234374165534973 0.10841667652130127
0 0.09705469012260437 0.5520833134651184 0.01901562511920929 0.11166664958000183
0 0.07706250250339508 0.550861120223999 0.027937501668930054 0.1353333294391632
0 0.040421877056360245 0.5587639212608337 0.026531251147389412 0.1349722445011139
0 0.7345312833786011 0.48783332109451294 0.007499992847442627 0.03094443678855896
0 0.12253125011920929 0.5513333082199097 0.018062502145767212 0.12183329463005066
0 0.9323828220367432 0.5093194246292114 0.015796899795532227 0.052194446325302124
3 0.5354530811309814 0.49497222900390625 0.042187511920928955 0.12022221088409424
0 0.06574218720197678 0.5534166693687439 0.02264062687754631 0.12305557727813721
0 0.1487421840429306 0.5365138649940491 0.018171876668930054 0.10658332705497742
1 0.7580937147140503 0.6317083239555359 0.13853126764297485 0.17602777481079102
4 0.9361093640327454 0.6314582824707031 0.041249990463256836 0.13591665029525757
4 0.8941015601158142 0.6338611245155334 0.03985941410064697 0.11194443702697754
4 0.9918280839920044 0.7048749923706055 0.016343772411346436 0.07269442081451416
4 0.7438983917236328 0.5058333277702332 0.013171851634979248 0.0354444682598114
0 0.7120937705039978 0.4823055565357208 0.00865626335144043 0.029666662216186523
0 0.6890624761581421 0.4861111044883728 0.009375035762786865 0.04444444179534912
4 0.7437499761581421 0.47777777910232544 0.012499988079071045 0.02222222089767456
0 0.10625000298023224 0.5458333492279053 0.015625 0.11944442987442017
0 0.1328125 0.49444442987442017 0.015625 0.04444444179534912
0 0.9554687738418579 0.5083333253860474 0.010937511920928955 0.04444444179534912
