1 0.7693749666213989 0.5087291598320007 0.030656278133392334 0.04683336615562439
3 0.4438124895095825 0.4750000238418579 0.28737497329711914 0.304166704416275
0 0.8241171836853027 0.6327916383743286 0.09864062070846558 0.35524997115135193
0 0.7881796956062317 0.6231458187103271 0.05801558494567871 0.2556249797344208
4 0.7456250190734863 0.5267499685287476 0.016406238079071045 0.0728749930858612
2 0.8353906273841858 0.4935520887374878 0.07565629482269287 0.12206247448921204
1 0.6997734308242798 0.5176770687103271 0.04773437976837158 0.07381248474121094
3 0.6820312738418579 0.4781250059604645 0.026562511920928955 0.16041666269302368
1 0.73828125 0.5020833015441895 0.03593754768371582 0.050000011920928955
0 0.964062511920929 0.518750011920929 0.015625 0.05416667461395264
0 0.9585937261581421 0.518750011920929 0.010937511920928955 0.04583334922790527
0 0.9539062976837158 0.515625 0.010937511920928955 0.04375001788139343
4 0.9859374761581421 0.5854166746139526 0.028124988079071045 0.05416667461395264
4 0.39140623807907104 0.6468750238418579 0.12656250596046448 0.37291663885116577
4 0.7328125238418579 0.5343749523162842 0.043749988079071045 0.10624998807907104
4 0.9148437976837158 0.512499988079071 0.026562511920928955 0.045833319425582886
4 0.9359375238418579 0.53125 0.025000035762786865 0.06666669249534607
4 0.8859374523162842 0.5166666507720947 0.012499988079071045 0.05416664481163025
4 0.8765624761581421 0.5197916626930237 0.009375035762786865 0.05624997615814209
