0 0.9323750138282776 0.622249960899353 0.13524997234344482 0.21012502908706665
0 0.5121562480926514 0.47957032918930054 0.018062472343444824 0.02592185139656067
1 0.6031875014305115 0.5927969217300415 0.2357499897480011 0.13099998235702515
1 0.08539583534002304 0.5588593482971191 0.17079167068004608 0.09887498617172241
1 0.7029271125793457 0.5575000047683716 0.14760416746139526 0.09068751335144043
1 0.7368749976158142 0.5427500009536743 0.11554169654846191 0.09303125739097595
1 0.23933333158493042 0.5417109727859497 0.1472083330154419 0.07585936784744263
10 0.5563125014305115 0.49828124046325684 0.10104167461395264 0.05512499809265137
1 0.6319375038146973 0.4912499785423279 0.04004168510437012 0.037906259298324585
1 0.31447917222976685 0.5323359370231628 0.10604166984558105 0.068296879529953
1 0.02228124998509884 0.5774375200271606 0.042520832270383835 0.09190624952316284
1 0.6720728874206543 0.5750781297683716 0.1630207896232605 0.11018753051757812
1 0.7578437328338623 0.5103124976158142 0.09322917461395264 0.05384373664855957
0 0.39238542318344116 0.4842890501022339 0.021604180335998535 0.023859351873397827
0 0.7944166660308838 0.4759765565395355 0.021000027656555176 0.014765620231628418
0 0.4791666865348816 0.4765625 0.02916666865348816 0.034375011920928955
2 0.824999988079071 0.4749999940395355 0.05416667461395264 0.03125
0 0.9416666626930237 0.4867187440395355 0.03333330154418945 0.026562511920928955
2 0.9500000476837158 0.5078125 0.050000011920928955 0.02499997615814209
0 0.981249988079071 0.50390625 0.03750002384185791 0.03281247615814209
