1 0.9477812647819519 0.34132590889930725 0.10443747043609619 0.20860324800014496
0 0.3400859236717224 0.40987855195999146 0.0957968533039093 0.3596356213092804
0 0.03260156139731407 0.33879554271698 0.06520312279462814 0.3401012420654297
0 0.6972890496253967 0.27074897289276123 0.05060935020446777 0.11963562667369843
0 0.5650625228881836 0.2655870318412781 0.031468749046325684 0.13777326047420502
0 0.061921875923871994 0.2118825912475586 0.02006249874830246 0.05578947067260742
0 0.08123437315225601 0.29071861505508423 0.03696875274181366 0.1596153825521469
0 0.1109609380364418 0.29730769991874695 0.04001562297344208 0.17214573919773102
1 0.6460937261581421 0.897641658782959 0.707812488079071 0.20471662282943726
1 0.9231250286102295 0.22646760940551758 0.029187500476837158 0.06633603572845459
3 0.9243124723434448 0.1547165960073471 0.03668755292892456 0.08469635248184204
0 0.5942109227180481 0.2663157880306244 0.031203150749206543 0.1279352307319641
4 0.5328124761581421 0.5172064900398254 0.3749999701976776 0.5242915153503418
3 0.6382812261581421 0.18319839239120483 0.15156251192092896 0.15991903841495514
3 0.8484375476837158 0.17307692766189575 0.12187498807907104 0.1680161952972412
1 0.9515625238418579 0.23178137838840485 0.03125 0.054655879735946655
0 0.3062499761581421 0.2641700506210327 0.03749999403953552 0.11943319439888
0 0.30859375 0.20445343852043152 0.01406252384185791 0.024291500449180603
0 0.15625 0.2763158082962036 0.05312499403953552 0.1437247097492218
