1 0.2773124873638153 0.42807143926620483 0.06759373843669891 0.06600001454353333
1 0.38129687309265137 0.42946428060531616 0.05106252431869507 0.05378571152687073
3 0.49940624833106995 0.4035714268684387 0.1860625147819519 0.25560712814331055
0 0.5331797003746033 0.5735714435577393 0.14614060521125793 0.5314285755157471
0 0.07570312917232513 0.5831518173217773 0.12781250476837158 0.5055893063545227
0 0.42289844155311584 0.5345535278320312 0.08232814073562622 0.22728568315505981
0 0.35142970085144043 0.5137410759925842 0.06732812523841858 0.1970178186893463
0 0.9153046607971191 0.5105267763137817 0.054484426975250244 0.2238750159740448
6 0.8692578077316284 0.4961339235305786 0.04276561737060547 0.1572321355342865
0 0.7834453582763672 0.4820624887943268 0.05048435926437378 0.19562500715255737
0 0.9515312314033508 0.4503214359283447 0.0338749885559082 0.1533571481704712
0 0.7539530992507935 0.4629731774330139 0.04228121042251587 0.16416069865226746
0 0.8697187900543213 0.41207143664360046 0.04137498140335083 0.08796429634094238
1 0.1371484398841858 0.44167858362197876 0.024890631437301636 0.04539284110069275
2 0.02826562523841858 0.4255446195602417 0.05653125047683716 0.18673214316368103
1 0.31062501668930054 0.4206964373588562 0.06709375977516174 0.06953570246696472
0 0.702343761920929 0.5562499761581421 0.2171875238418579 0.5446428656578064
1 0.24531249701976776 0.4357143044471741 0.04999998211860657 0.06428572535514832
1 0.21640625596046448 0.4375 0.0234375 0.06071430444717407
