1 0.13374999165534973 0.5349999666213989 0.07250000536441803 0.06499999761581421
1 0.2199999988079071 0.5262500047683716 0.05500000715255737 0.03250002861022949
1 0.07625000178813934 0.5112500190734863 0.04249999672174454 0.03249996900558472
2 0.017500000074505806 0.5137500166893005 0.03500000014901161 0.04250001907348633
0 0.4037500023841858 0.6362500190734863 0.047500014305114746 0.15749996900558472
0 0.4925000071525574 0.6599999666213989 0.06499996781349182 0.20499998331069946
0 0.45499998331069946 0.5849999785423279 0.034999996423721313 0.12000000476837158
0 0.5962499976158142 0.6637499928474426 0.05750000476837158 0.2174999713897705
0 0.6649999618530273 0.7400000095367432 0.0899999737739563 0.3400000333786011
0 0.9399999976158142 0.6575000286102295 0.11500000953674316 0.23499995470046997
1 0.5024999976158142 0.5162500143051147 0.054999977350234985 0.03250002861022949
2 0.5562499761581421 0.5074999928474426 0.0625 0.029999971389770508
9 0.8125 0.5425000190734863 0.0549999475479126 0.0350000262260437
9 0.8712500333786011 0.5637500286102295 0.05249994993209839 0.04749995470046997
