3 0.33632031083106995 0.6583020687103271 0.3262344002723694 0.39910417795181274
3 0.6373906135559082 0.6266458034515381 0.31040626764297485 0.2316250205039978
3 0.8710781335830688 0.6132291555404663 0.15471875667572021 0.13229167461395264
0 0.8995077610015869 0.6627604365348816 0.03679686784744263 0.117270827293396
0 0.9530625343322754 0.6616145968437195 0.029031217098236084 0.11939585208892822
0 0.842453122138977 0.6552187204360962 0.026156246662139893 0.09364587068557739
0 0.08346875011920929 0.7485624551773071 0.06403124332427979 0.21704167127609253
0 0.019421875476837158 0.6991457939147949 0.03609374910593033 0.16470831632614136
0 0.05880469083786011 0.7016041278839111 0.03629687801003456 0.16779166460037231
1 0.04481250047683716 0.6695104241371155 0.03578124940395355 0.08381247520446777
1 0.14921875298023224 0.6625000238418579 0.06406250596046448 0.0625
