0 0.7737499475479126 0.7787500023841858 0.11250001192092896 0.30250000953674316
0 0.9362499713897705 0.8812500238418579 0.1274999976158142 0.23250001668930054
9 0.9137500524520874 0.7599999904632568 0.1274999976158142 0.18000000715255737
9 0.9637500047683716 0.7012500166893005 0.07249999046325684 0.08249998092651367
0 0.4599999785423279 0.6200000047683716 0.03999999165534973 0.12000000476837158
0 0.48874998092651367 0.6050000190734863 0.027500003576278687 0.11000001430511475
0 0.4012500047683716 0.5549999475479126 0.03749999403953552 0.06999999284744263
0 0.5737500190734863 0.5850000381469727 0.0274999737739563 0.10499995946884155
8 0.05375000089406967 0.6974999904632568 0.08249999582767487 0.19499999284744263
8 0.12999999523162842 0.6675000190734863 0.08999999612569809 0.1899999976158142
8 0.09125000238418579 0.6475000381469727 0.05250000208616257 0.17000001668930054
0 0.2475000023841858 0.6025000214576721 0.040000006556510925 0.125
8 0.20125000178813934 0.5924999713897705 0.032499998807907104 0.09999996423721313
8 0.2749999761581421 0.581250011920929 0.030000001192092896 0.09749996662139893
