1 0.9661797285079956 0.6019392609596252 0.06764060258865356 0.1249532699584961
1 0.9272421598434448 0.5765420198440552 0.08751565217971802 0.09285050630569458
0 0.19452343881130219 0.5284462571144104 0.032703131437301636 0.16264018416404724
0 0.026734374463558197 0.5094976425170898 0.04478125274181366 0.17338785529136658
0 0.1472812443971634 0.5139485597610474 0.049312494695186615 0.1675233244895935
0 0.16987499594688416 0.5134345889091492 0.02059374749660492 0.12322428822517395
0 0.05039062350988388 0.4938434362411499 0.03274999558925629 0.16259345412254333
0 0.0735781267285347 0.5061448812484741 0.0377812534570694 0.18415886163711548
0 0.2159140706062317 0.5196962356567383 0.022703126072883606 0.1304205358028412
1 0.3358515501022339 0.5547897219657898 0.07639062404632568 0.12130841612815857
0 0.10323438048362732 0.5155724287033081 0.03459375351667404 0.15876170992851257
2 0.7454062700271606 0.5352336168289185 0.30800002813339233 0.26822429895401
1 0.3236953020095825 0.4298247694969177 0.023953109979629517 0.037079453468322754
1 0.26640623807907104 0.4147196412086487 0.029687494039535522 0.03504672646522522
1 0.30390626192092896 0.4217289686203003 0.020312517881393433 0.03971964120864868
1 0.2914062440395355 0.4170560836791992 0.020312488079071045 0.03504672646522522
1 0.3765624761581421 0.44392523169517517 0.021874994039535522 0.04205608367919922
