9 0.7868046760559082 0.49412500858306885 0.059921860694885254 0.16591668128967285
0 0.38130468130111694 0.437541663646698 0.08432811498641968 0.4736388921737671
0 0.4853906035423279 0.4521110951900482 0.09353122115135193 0.46966665983200073
9 0.5633984804153442 0.543708324432373 0.1218906044960022 0.25352776050567627
0 0.13019531965255737 0.42920833826065063 0.08342187106609344 0.4224722385406494
0 0.7584296464920044 0.40493056178092957 0.06826561689376831 0.3753055930137634
9 0.6685234308242798 0.4339166581630707 0.08864063024520874 0.1523333191871643
0 0.04408593848347664 0.4583333134651184 0.08801562339067459 0.30372223258018494
0 0.9089687466621399 0.40429165959358215 0.07056248188018799 0.3445277810096741
0 0.32026562094688416 0.44009721279144287 0.028031229972839355 0.18686112761497498
1 0.6157655715942383 0.45499998331069946 0.03937500715255737 0.034999996423721313
0 0.23246875405311584 0.45497220754623413 0.05609375238418579 0.3923889100551605
0 0.26826560497283936 0.4512777626514435 0.029249995946884155 0.1820555329322815
