1 0.38206249475479126 0.6531446576118469 0.12587499618530273 0.09672951698303223
1 0.28145313262939453 0.6508176326751709 0.11437501013278961 0.09182387590408325
1 0.48399996757507324 0.6344968676567078 0.08134374022483826 0.07222223281860352
1 0.5367968678474426 0.6298952102661133 0.04896879196166992 0.06570225954055786
1 0.35692185163497925 0.6087107062339783 0.07990625500679016 0.04761004447937012
1 0.445250004529953 0.6176624298095703 0.039093732833862305 0.04480081796646118
3 0.13896875083446503 0.615796685218811 0.2748124897480011 0.1772117018699646
0 0.9157500267028809 0.6291090250015259 0.02734375 0.08924531936645508
3 0.4854218661785126 0.5744025111198425 0.14790624380111694 0.04607963562011719
1 0.41081249713897705 0.6023165583610535 0.037812501192092896 0.016289353370666504
1 0.5461249947547913 0.59983229637146 0.03487503528594971 0.03287208080291748
1 0.72265625 0.5901467800140381 0.01406252384185791 0.027253687381744385
0 0.00937500037252903 0.6299790143966675 0.012500000186264515 0.08176100254058838
