4 0.903838038444519 0.8217187523841858 0.19232392311096191 0.3565624952316284
1 0.33669012784957886 0.41691404581069946 0.3149295747280121 0.10629686713218689
0 0.683661937713623 0.7595546841621399 0.2599530816078186 0.45842182636260986
0 0.6075234413146973 0.3978906273841858 0.0829811692237854 0.08159375190734863
4 0.45362675189971924 0.4368906319141388 0.10213613510131836 0.11384373903274536
4 0.1421830952167511 0.44881248474121094 0.18549296259880066 0.14174997806549072
0 0.3503873348236084 0.3538515567779541 0.026784032583236694 0.018359363079071045
4 0.2854577600955963 0.5299062728881836 0.2694600820541382 0.2276875078678131
0 0.6613028049468994 0.5428203344345093 0.13950705528259277 0.19248440861701965
0 0.7285915613174438 0.5302422046661377 0.11901408433914185 0.1553593873977661
4 0.8868779540061951 0.4504140615463257 0.12136149406433105 0.16004690527915955
4 0.5082159638404846 0.4984374940395355 0.2089202105998993 0.23124998807907104
4 0.46820423007011414 0.6992265582084656 0.22988265752792358 0.17989063262939453
4 0.376021146774292 0.8607343435287476 0.4423708915710449 0.2785312533378601
4 0.8604459762573242 0.6114687919616699 0.15248829126358032 0.21521872282028198
4 0.7978168725967407 0.4998202919960022 0.1470891833305359 0.07832810282707214
2 0.6340962648391724 0.3777734339237213 0.19443660974502563 0.06489062309265137
0 0.3240962624549866 0.3480781316757202 0.03950706124305725 0.032124996185302734
1 0.0958685427904129 0.6849140524864197 0.1917370855808258 0.4457968473434448
0 0.03755868598818779 0.4312500059604645 0.07511737197637558 0.06562501192092896
0 0.7840375900268555 0.32890623807907104 0.06103283166885376 0.026562482118606567
0 0.843896746635437 0.3296875059604645 0.05399066209793091 0.03125
0 0.8826290965080261 0.3343749940395355 0.02816903591156006 0.018750011920928955
0 0.8931924700737 0.3343749940395355 0.05399060249328613 0.028124988079071045
