5 0.5191258192062378 0.8394280672073364 0.10129085183143616 0.20042484998703003
1 0.5010702610015869 0.6998284459114075 0.09383988380432129 0.07988560199737549
0 0.07126633822917938 0.7053267955780029 0.038153596222400665 0.11444449424743652
2 0.5206862688064575 0.6729575395584106 0.09147059917449951 0.10068625211715698
0 0.6302777528762817 0.7414379119873047 0.08401960134506226 0.17856204509735107
0 0.5895506143569946 0.6863561868667603 0.025800645351409912 0.05977123975753784
0 0.7647058963775635 0.7581698894500732 0.35947710275650024 0.4771241545677185
0 0.33169934153556824 0.6919934749603271 0.05228757858276367 0.10947710275650024
0 0.37254902720451355 0.6715686321258545 0.032679736614227295 0.06209146976470947
0 0.41013073921203613 0.6576797366142273 0.016339868307113647 0.04411768913269043
0 0.4256535768508911 0.6560457348823547 0.017973870038986206 0.05065357685089111
0 0.1715686321258545 0.7148692607879639 0.06862744688987732 0.15522879362106323
