1 0.17785000801086426 0.4920533299446106 0.19257999956607819 0.20181334018707275
1 0.37081998586654663 0.48665332794189453 0.09628000855445862 0.13250669836997986
1 0.7290300130844116 0.415120005607605 0.04526001214981079 0.042239993810653687
1 0.4916899800300598 0.4251333475112915 0.04889997839927673 0.04194667935371399
1 0.02572000026702881 0.4612800180912018 0.05144000053405762 0.09600001573562622
0 0.3673800230026245 0.7589733600616455 0.14379999041557312 0.48205333948135376
5 0.7809699773788452 0.47062668204307556 0.05197995901107788 0.1467466950416565
0 0.7441200017929077 0.7073999643325806 0.21019995212554932 0.5762400031089783
6 0.5888700485229492 0.7876399755477905 0.15373998880386353 0.42471998929977417
2 0.05781000107526779 0.4107999801635742 0.11562000215053558 0.05120000243186951
1 0.421999990940094 0.47466665506362915 0.1119999885559082 0.10666665434837341
1 0.5230000019073486 0.46266669034957886 0.09399998188018799 0.07733336091041565
1 0.5680000185966492 0.4399999976158142 0.06400001049041748 0.06933331489562988
1 0.8140000104904175 0.42266666889190674 0.04799997806549072 0.04000002145767212
1 0.7630000114440918 0.42000001668930054 0.026000022888183594 0.05066666007041931
5 0.06199999898672104 0.6480000019073486 0.12399999797344208 0.46933332085609436
5 0.2849999964237213 0.6439999938011169 0.11400000751018524 0.47733330726623535
5 0.47499996423721313 0.5733333230018616 0.08199998736381531 0.2666666507720947
5 0.6809999942779541 0.4546666741371155 0.046000003814697266 0.14133334159851074
5 0.9800000190734863 0.46266666054725647 0.03600001335144043 0.13599997758865356
