0 0.028750000521540642 0.7274999618530273 0.057500001043081284 0.19999998807907104
0 0.32999998331069946 0.5962499976158142 0.03999999165534973 0.07249999046325684
0 0.9112499952316284 0.6200000047683716 0.047500014305114746 0.125
8 0.4050000011920929 0.5900000333786011 0.02499997615814209 0.0899999737739563
8 0.4362500011920929 0.59375 0.02249997854232788 0.10249996185302734
8 0.4674999713897705 0.581250011920929 0.030000001192092896 0.09249997138977051
0 0.5475000143051147 0.5762500166893005 0.04500001668930054 0.08249998092651367
0 0.6000000238418579 0.5887500047683716 0.025000035762786865 0.08249998092651367
0 0.6324999928474426 0.5987499952316284 0.029999971389770508 0.08749997615814209
9 0.17125000059604645 0.5712500214576721 0.032499998807907104 0.052500009536743164
0 0.8050000071525574 0.5525000095367432 0.019999980926513672 0.05500000715255737
9 0.8862500190734863 0.5487499833106995 0.03249996900558472 0.04250001907348633
