1 0.09856999665498734 0.7612932920455933 0.19485999643802643 0.11032003164291382
1 0.8860800266265869 0.7430399656295776 0.05116003751754761 0.042773306369781494
1 0.633899986743927 0.734333336353302 0.031800031661987305 0.03623998165130615
1 0.9099700450897217 0.7349599599838257 0.04694002866744995 0.05119997262954712
0 0.33610999584198 0.753279983997345 0.0386199951171875 0.10218667984008789
0 0.3898400068283081 0.7346932888031006 0.014320015907287598 0.05429333448410034
0 0.4542800188064575 0.7515466213226318 0.038639992475509644 0.09749335050582886
0 0.48069000244140625 0.7759466767311096 0.030179977416992188 0.1281599998474121
0 0.6662900447845459 0.7392533421516418 0.025940001010894775 0.052213311195373535
0 0.7014800310134888 0.7328933477401733 0.02568000555038452 0.06258666515350342
0 0.24448999762535095 0.7335866689682007 0.014100000262260437 0.06770670413970947
0 0.21832001209259033 0.7328799962997437 0.01836000382900238 0.06095999479293823
0 0.2543800175189972 0.7333733439445496 0.015840008854866028 0.06882667541503906
1 0.021849999204277992 0.8059066534042358 0.04357999935746193 0.09479999542236328
0 0.09320999681949615 0.70086669921875 0.014739997684955597 0.021626651287078857
0 0.12898999452590942 0.7135599851608276 0.00958000123500824 0.032079994678497314
0 0.11455000191926956 0.708359956741333 0.015459999442100525 0.024079978466033936
0 0.7282199859619141 0.7273067235946655 0.010200023651123047 0.03567999601364136
0 0.07700000703334808 0.6986666917800903 0.026000000536441803 0.02133333683013916
