1 0.3866874873638153 0.3774999976158142 0.07628124952316284 0.12049999833106995
10 0.3473125100135803 0.33526042103767395 0.07728126645088196 0.10752081871032715
10 0.3641640543937683 0.25608333945274353 0.09348437190055847 0.09550000727176666
0 0.6265077590942383 0.4533229172229767 0.08257812261581421 0.30106252431869507
0 0.9599218368530273 0.5595520734786987 0.08015626668930054 0.5146458148956299
0 0.21595314145088196 0.45488542318344116 0.1106875091791153 0.42789581418037415
0 0.08510937541723251 0.5501041412353516 0.1641562432050705 0.6099166870117188
0 0.16117186844348907 0.35239583253860474 0.059843748807907104 0.14762499928474426
0 0.2639765739440918 0.4571354389190674 0.05626562237739563 0.4021041691303253
4 0.5484374761581421 0.6677083373069763 0.4062499701976776 0.65625
0 0.5570312738418579 0.39270836114883423 0.0703125 0.23541668057441711
0 0.04531249776482582 0.4270833134651184 0.08749999850988388 0.40416666865348816
0 0.010156250558793545 0.2958333194255829 0.01718750037252903 0.12083332240581512
0 0.30156248807907104 0.4385416507720947 0.05625000596046448 0.35625001788139343
0 0.44140625 0.3854166865348816 0.057812511920928955 0.2083333432674408
0 0.45703125 0.32604166865348816 0.0546875 0.1354166865348816
0 0.739062488079071 0.48750001192092896 0.11874997615814209 0.3791666328907013
4 0.7867187261581421 0.4791666865348816 0.08906251192092896 0.2916666567325592
0 0.8351562023162842 0.4322916865348816 0.08281248807907104 0.25208333134651184
4 0.878125011920929 0.5406249761581421 0.1343749761581421 0.352083295583725
0 0.8859374523162842 0.3708333373069763 0.034375011920928955 0.0625
