10 0.6513999700546265 0.8348399996757507 0.10955995321273804 0.1595466136932373
1 0.6999499797821045 0.7802533507347107 0.037100017070770264 0.057146668434143066
1 0.9021799564361572 0.7938532829284668 0.05324000120162964 0.06904000043869019
0 0.8362300395965576 0.8436533212661743 0.0757799744606018 0.3097599744796753
0 0.7829400300979614 0.853600025177002 0.07264000177383423 0.2680000066757202
9 0.1477999985218048 0.8595600128173828 0.11103999614715576 0.2808799743652344
0 0.3322100043296814 0.7397466897964478 0.05518001317977905 0.08189332485198975
1 0.8803600072860718 0.790066659450531 0.02147996425628662 0.06322669982910156
1 0.7621899843215942 0.7683466672897339 0.02442002296447754 0.03941333293914795
4 0.6740000247955322 0.9306666851043701 0.15599995851516724 0.13333332538604736
0 0.49699997901916504 0.7639999985694885 0.025999993085861206 0.0453333854675293
4 0.9429999589920044 0.8733333349227905 0.08600002527236938 0.24800002574920654
