1 0.30900782346725464 0.565904974937439 0.6180156469345093 0.8195927143096924
1 0.7400312423706055 0.3666629195213318 0.08937501907348633 0.11011311411857605
1 0.6273593902587891 0.39041855931282043 0.09343749284744263 0.10875564813613892
1 0.20796093344688416 0.8044909238815308 0.4159218668937683 0.3640497326850891
0 0.9604452848434448 0.517217218875885 0.0763280987739563 0.4580543339252472
0 0.4277890622615814 0.33245474100112915 0.02985936403274536 0.06585973501205444
0 0.3705703020095825 0.3172624409198761 0.047109395265579224 0.07230770587921143
0 0.5797187089920044 0.34582579135894775 0.017531216144561768 0.06608599424362183
0 0.04964844137430191 0.24478507041931152 0.030546877533197403 0.07604072988033295
0 0.47249218821525574 0.3374660611152649 0.02176564931869507 0.06552034616470337
0 0.5109297037124634 0.33046382665634155 0.012296855449676514 0.03468325734138489
1 0.6468515396118164 0.31091630458831787 0.0423281192779541 0.016764730215072632
1 0.7855781316757202 0.3930543065071106 0.03506249189376831 0.10257917642593384
0 0.774890661239624 0.3019683361053467 0.06387501955032349 0.08343890309333801
0 0.4904453158378601 0.3340045213699341 0.016046881675720215 0.06457012891769409
0 0.8515000343322754 0.5028506517410278 0.125124990940094 0.5463348031044006
0 0.40031248331069946 0.3169457018375397 0.026562482118606567 0.0447964072227478
1 0.6360312700271606 0.3457692265510559 0.06746876239776611 0.057466059923172
0 0.944531261920929 0.2771493196487427 0.11093747615814209 0.20135746896266937
0 0.6265624761581421 0.5418552160263062 0.234375 0.40045249462127686
