0 0.7487499713897705 0.699999988079071 0.07250005006790161 0.23000001907348633
0 0.06499999761581421 0.5649999976158142 0.05999999865889549 0.08500003814697266
2 0.3187500238418579 0.5362499952316284 0.032499998807907104 0.03750002384185791
0 0.42374998331069946 0.5700000524520874 0.02250000834465027 0.06499999761581421
0 0.45249998569488525 0.5750000476837158 0.030000001192092896 0.07499998807907104
0 0.6200000047683716 0.5950000286102295 0.04999995231628418 0.09499996900558472
0 0.8324999809265137 0.6712499856948853 0.13499999046325684 0.1875
0 0.9637500047683716 0.7699999809265137 0.06749999523162842 0.2800000309944153
0 0.5462499856948853 0.5962499976158142 0.03750002384185791 0.08749997615814209
0 0.574999988079071 0.5950000286102295 0.02499997615814209 0.0899999737739563
0 0.9375 0.6349999904632568 0.09000003337860107 0.13499999046325684
0 0.8300000429153442 0.5862500071525574 0.0350000262260437 0.0625
0 0.8962500095367432 0.5787500143051147 0.04250001907348633 0.0625
0 0.7762500047683716 0.5712500214576721 0.03750002384185791 0.052500009536743164
8 0.7287499904632568 0.5575000047683716 0.03250002861022949 0.06499999761581421
0 0.9800000190734863 0.5824999809265137 0.04000002145767212 0.0899999737739563
