0 0.04625000059604645 0.637499988079071 0.06749999523162842 0.14499998092651367
0 0.3362500071525574 0.6662499904632568 0.052500009536743164 0.16750001907348633
0 0.38875001668930054 0.6587499976158142 0.052499979734420776 0.14750003814697266
0 0.5149999856948853 0.7662500143051147 0.12999999523162842 0.26249998807907104
0 0.875 0.875 0.16999995708465576 0.25
1 0.11499999463558197 0.559999942779541 0.08999999612569809 0.06000000238418579
2 0.17500001192092896 0.5199999809265137 0.04500000178813934 0.04500001668930054
0 0.42000001668930054 0.5762500166893005 0.025000005960464478 0.07749998569488525
0 0.3712499737739563 0.5700000524520874 0.032499998807907104 0.07499998807907104
0 0.3075000047683716 0.5425000190734863 0.019999980926513672 0.05500000715255737
