1 0.8930156230926514 0.6473184823989868 0.21396875381469727 0.16119438409805298
1 0.8240936994552612 0.6119906902313232 0.07212501764297485 0.05072599649429321
1 0.045320313423871994 0.6694379448890686 0.09060937911272049 0.1365339756011963
1 0.43104690313339233 0.586850106716156 0.3433437645435333 0.3633957803249359
0 0.13616406917572021 0.6489695310592651 0.03573437035083771 0.12004679441452026
1 0.9050859212875366 0.5861592292785645 0.029359400272369385 0.019391119480133057
1 0.26930469274520874 0.5834192037582397 0.04520311951637268 0.031522274017333984
1 0.17734375596046448 0.6030445098876953 0.09218750894069672 0.06791567802429199
1 0.21484375 0.5948477983474731 0.09218750894069672 0.07962530851364136
1 0.2718749940395355 0.6124122142791748 0.028124988079071045 0.04449647665023804
1 0.26875001192092896 0.5620608925819397 0.03749999403953552 0.018735408782958984
1 0.27656251192092896 0.5761123895645142 0.025000005960464478 0.014051496982574463
3 0.6312500238418579 0.5878219604492188 0.07187503576278687 0.16861826181411743
1 0.8031250238418579 0.6674473285675049 0.07187503576278687 0.06088989973068237
