1 0.9542890787124634 0.3531925082206726 0.08982813358306885 0.20873239636421204
0 0.5376718640327454 0.5366079807281494 0.19096875190734863 0.7557042837142944
0 0.25468748807907104 0.530328631401062 0.18125000596046448 0.5977464914321899
8 0.7770390510559082 0.4661971926689148 0.09670311212539673 0.40920189023017883
0 0.4605703055858612 0.397464781999588 0.05239063501358032 0.24281686544418335
0 0.4120234251022339 0.4107746481895447 0.07682812213897705 0.24863851070404053
8 0.8390077948570251 0.4411032795906067 0.07570314407348633 0.3922535181045532
8 0.9180546998977661 0.5231455564498901 0.13285934925079346 0.5462910532951355
1 0.8158828020095825 0.33464789390563965 0.03351563215255737 0.062347412109375
8 0.6674687266349792 0.3568779230117798 0.050999999046325684 0.2217370718717575
0 0.3338281214237213 0.3835563361644745 0.06140625476837158 0.2726995348930359
8 0.8882890939712524 0.43350937962532043 0.06410938501358032 0.3041549324989319
8 0.7000937461853027 0.42801642417907715 0.08456254005432129 0.34546947479248047
8 0.7406250238418579 0.30751174688339233 0.034375011920928955 0.0845070481300354
8 0.6382812261581421 0.3661971688270569 0.032812535762786865 0.17840376496315002
0 0.4398437440395355 0.2969483733177185 0.026562511920928955 0.09154930710792542
0 0.4046875238418579 0.2934272289276123 0.021874994039535522 0.05633801221847534
0 0.3648437261581421 0.30751174688339233 0.014062494039535522 0.06103286147117615
0 0.37421876192092896 0.30633801221847534 0.014062494039535522 0.06338027119636536
0 0.500781238079071 0.3016431927680969 0.03281247615814209 0.11032862961292267
0 0.5335937738418579 0.2488262951374054 0.029687464237213135 0.051643192768096924
8 0.6148437261581421 0.31220656633377075 0.0234375 0.07511737942695618
