5 0.26875001192092896 0.5950000286102295 0.08249999582767487 0.09999996423721313
0 0.3375000059604645 0.6075000166893005 0.06000000238418579 0.10500001907348633
0 0.3412500023841858 0.668749988079071 0.06749999523162842 0.1575000286102295
0 0.5512499809265137 0.5674999952316284 0.02249997854232788 0.06499999761581421
1 0.7124999761581421 0.6050000190734863 0.10499995946884155 0.09499996900558472
4 0.7862499952316284 0.6425000429153442 0.05750000476837158 0.15500003099441528
1 0.918749988079071 0.7637500166893005 0.1625000238418579 0.33249998092651367
1 0.05874999985098839 0.6162500381469727 0.11749999970197678 0.10750001668930054
1 0.20499999821186066 0.5550000071525574 0.09000000357627869 0.04499995708465576
1 0.13124999403953552 0.5525000095367432 0.057499997317790985 0.034999966621398926
1 0.08374999463558197 0.5487500429153442 0.057499997317790985 0.03249996900558472
0 0.32875001430511475 0.5525000095367432 0.027500003576278687 0.050000011920928955
1 0.8887499570846558 0.5912500023841858 0.1524999737739563 0.07749998569488525
10 0.9399999976158142 0.5587500333786011 0.11500000953674316 0.0975000262260437
1 0.7949999570846558 0.5487499833106995 0.06499999761581421 0.04250001907348633
1 0.7174999713897705 0.5449999570846558 0.06499999761581421 0.0350000262260437
