1 0.20999999344348907 0.7825000286102295 0.41999998688697815 0.2900000214576721
0 0.6512500047683716 0.6762499809265137 0.0625 0.19749999046325684
1 0.8887499570846558 0.8462499976158142 0.21750003099441528 0.29750001430511475
0 0.7549999952316284 0.591249942779541 0.029999971389770508 0.1274999976158142
9 0.9300000071525574 0.6012499928474426 0.08000004291534424 0.05750000476837158
0 0.34375 0.6100000143051147 0.05750000476837158 0.12999999523162842
0 0.6837500333786011 0.5712499618530273 0.0274999737739563 0.08750003576278687
0 0.6475000381469727 0.5387499928474426 0.020000040531158447 0.0625
0 0.3987500071525574 0.5950000286102295 0.027500003576278687 0.09499996900558472
9 0.16749998927116394 0.6000000238418579 0.05499999225139618 0.050000011920928955
