1 0.33692967891693115 0.8840829133987427 0.2972968816757202 0.21067017316818237
1 0.6059062480926514 0.8908201456069946 0.2784062623977661 0.21835976839065552
1 0.8988828659057617 0.797319233417511 0.19910937547683716 0.14843034744262695
3 0.23768749833106995 0.6842063665390015 0.4347500205039978 0.16911816596984863
3 0.8689140677452087 0.7044796943664551 0.25904691219329834 0.21530860662460327
0 0.2882578372955322 0.7306172847747803 0.03217187523841858 0.07569670677185059
0 0.33717188239097595 0.7284038662910461 0.04653126001358032 0.050776004791259766
0 0.20063281059265137 0.7174250483512878 0.03310936689376831 0.03950619697570801
0 0.8904452919960022 0.7252557277679443 0.03279685974121094 0.06338620185852051
0 0.6866250038146973 0.7068606615066528 0.03559374809265137 0.026102304458618164
0 0.19014844298362732 0.7505643963813782 0.04242187738418579 0.05746030807495117
0 0.18143749237060547 0.7160934805870056 0.027843758463859558 0.043827176094055176
1 0.3811328113079071 0.7617195844650269 0.14745312929153442 0.10897707939147949
1 0.19609373807907104 0.8663933277130127 0.18281249701976776 0.18075841665267944
1 0.026999998837709427 0.8477072715759277 0.04912500083446503 0.10282188653945923
1 0.04792187362909317 0.7904232740402222 0.09584374725818634 0.08705466985702515
1 0.03748437389731407 0.7521429061889648 0.07496874779462814 0.04255729913711548
0 0.008773437701165676 0.6963492035865784 0.017546875402331352 0.02627861499786377
1 0.19687500596046448 0.7777777910232544 0.203125 0.08465605974197388
1 0.6726562976837158 0.7795414328575134 0.25468748807907104 0.1269841194152832
