5 0.15337349474430084 0.5069043636322021 0.1485714316368103 0.09217393398284912
1 0.6841307878494263 0.5193304419517517 0.26567989587783813 0.12975648045539856
1 0.9171428680419922 0.5221391320228577 0.16285717487335205 0.1690782606601715
1 0.8284595608711243 0.5466434955596924 0.039397597312927246 0.11690431833267212
1 0.5156024098396301 0.301608681678772 0.10507747530937195 0.055808693170547485
3 0.6674268245697021 0.4358260929584503 0.600017249584198 0.20706087350845337
3 0.1462220400571823 0.43949565291404724 0.2882443964481354 0.23099130392074585
3 0.3224784731864929 0.4280869662761688 0.08895006775856018 0.18201738595962524
1 0.7836058139801025 0.45527827739715576 0.17192775011062622 0.08005216717720032
3 0.15092942118644714 0.2878608703613281 0.1139758974313736 0.08198261260986328
1 0.7905765771865845 0.48481738567352295 0.0409122109413147 0.04723477363586426
1 0.8282185792922974 0.5041478276252747 0.07375216484069824 0.08526957035064697
5 0.3141136169433594 0.6539130210876465 0.12220308184623718 0.34086960554122925
5 0.15834768116474152 0.6304347515106201 0.09294319897890091 0.30782610177993774
5 0.23493975400924683 0.6391304135322571 0.06712566316127777 0.269565224647522
