0 0.35874998569488525 0.6850000023841858 0.10249999165534973 0.1799999475479126
0 0.46875 0.6799999475479126 0.08249998092651367 0.1899999976158142
0 0.6375000476837158 0.762499988079071 0.1899999976158142 0.26499998569488525
0 0.8537499904632568 0.8025000095367432 0.09749996662139893 0.30000001192092896
0 0.7787500023841858 0.6549999713897705 0.0625 0.1600000262260437
0 0.8237500190734863 0.612500011920929 0.052500009536743164 0.12000000476837158
0 0.9750000238418579 0.5449999570846558 0.04000002145767212 0.06000000238418579
0 0.9312499761581421 0.5537499785423279 0.037499964237213135 0.07749998569488525
0 0.7549999952316284 0.6075000166893005 0.04999995231628418 0.11500000953674316
0 0.6599999666213989 0.6150000095367432 0.0350000262260437 0.10500001907348633
0 0.5974999666213989 0.606249988079071 0.0350000262260437 0.08749997615814209
0 0.5549999475479126 0.6474999785423279 0.050000011920928955 0.12000000476837158
0 0.32625001668930054 0.5787500143051147 0.02250000834465027 0.07749998569488525
0 0.3999999761581421 0.5700000524520874 0.02000001072883606 0.06000000238418579
10 0.2549999952316284 0.5399999618530273 0.06999999284744263 0.08499997854232788
2 0.04874999821186066 0.5674999952316284 0.09749999642372131 0.08000004291534424
