1 0.3875781297683716 0.6133421063423157 0.09071874618530273 0.1052631139755249
0 0.03650781139731407 0.5686315894126892 0.024265624582767487 0.10389471054077148
1 0.011406250298023224 0.496118426322937 0.022812500596046448 0.03723683953285217
1 0.6238828301429749 0.62515789270401 0.07120311260223389 0.08426320552825928
1 0.1470078080892563 0.5923815965652466 0.11885937303304672 0.07749998569488525
1 0.11202344298362732 0.5588289499282837 0.029734380543231964 0.02976316213607788
1 0.777218759059906 0.6595131158828735 0.23028123378753662 0.2405526041984558
1 0.6521953344345093 0.6328684091567993 0.04689061641693115 0.09984207153320312
1 0.35813280940055847 0.5910921096801758 0.07814061641693115 0.08050000667572021
1 0.4936875104904175 0.6092499494552612 0.13615623116493225 0.15892106294631958
