0 0.9025000333786011 0.625 0.06000000238418579 0.14499998092651367
0 0.9837499856948853 0.6762499809265137 0.03250002861022949 0.16750001907348633
0 0.6575000286102295 0.5499999523162842 0.030000030994415283 0.050000011920928955
1 0.78125 0.7224999666213989 0.39750003814697266 0.29500001668930054
1 0.4637500047683716 0.6725000143051147 0.17750000953674316 0.1899999976158142
0 0.3799999952316284 0.5325000286102295 0.019999980926513672 0.04000002145767212
1 0.44874998927116394 0.5575000047683716 0.0625 0.04499995708465576
1 0.5562499761581421 0.5750000476837158 0.09250003099441528 0.07999998331069946
1 0.48874998092651367 0.5337499976158142 0.032499998807907104 0.027500033378601074
0 0.03375000134110451 0.8675000071525574 0.06750000268220901 0.23500001430511475
