0 0.6391093730926514 0.5554654002189636 0.038062453269958496 0.18061169981956482
0 0.6833593845367432 0.5602925419807434 0.038281261920928955 0.17148935794830322
0 0.7004765272140503 0.49938830733299255 0.024921834468841553 0.12484043836593628
0 0.8814687728881836 0.5477526783943176 0.0339999794960022 0.23662236332893372
0 0.617367148399353 0.5015292763710022 0.020359337329864502 0.1476861536502838
0 0.19687500596046448 0.501329779624939 0.06562499701976776 0.17819151282310486
0 0.24296873807907104 0.4760638475418091 0.023437485098838806 0.0797872543334961
0 0.2679687440395355 0.4694148898124695 0.020312488079071045 0.07180854678153992
0 0.2953124940395355 0.4720744490623474 0.012499988079071045 0.07712766528129578
0 0.34296876192092896 0.5305851101875305 0.06406250596046448 0.24734044075012207
0 0.44843751192092896 0.5252659320831299 0.05937501788139343 0.17819148302078247
0 0.850781261920929 0.5265957713127136 0.10781252384185791 0.31382980942726135
0 0.9312499761581421 0.5625 0.08437496423721313 0.26861703395843506
0 0.5289062261581421 0.5039893388748169 0.06093749403953552 0.2047872245311737
0 0.5679687261581421 0.49468085169792175 0.0546875 0.19680851697921753
0 0.09296874701976776 0.478723406791687 0.01406250149011612 0.06914892792701721
0 0.07187499850988388 0.4720744788646698 0.012500002980232239 0.06648939847946167
0 0.40703123807907104 0.46675533056259155 0.017187505960464478 0.07180848717689514
0 0.02187499962747097 0.4933510422706604 0.02812499925494194 0.08244678378105164
