3 0.26197001338005066 0.5137275457382202 0.5204200148582458 0.4567609429359436
5 0.6289899945259094 0.5998200178146362 0.07534003257751465 0.2553727328777313
0 0.752560019493103 0.5988688468933105 0.0650399923324585 0.2601028084754944
0 0.7801599502563477 0.5805012583732605 0.04559999704360962 0.21920308470726013
0 0.8374699950218201 0.57930588722229 0.0730600357055664 0.2777892053127289
0 0.8953199982643127 0.5789974331855774 0.055480003356933594 0.21861183643341064
0 0.947700023651123 0.5687018036842346 0.06459999084472656 0.22984576225280762
0 0.5503599643707275 0.5037917494773865 0.030800044536590576 0.11544987559318542
0 0.6060799956321716 0.490359902381897 0.028959989547729492 0.07131102681159973
1 0.9670400023460388 0.5152056217193604 0.027879953384399414 0.04460152983665466
0 0.9630600214004517 0.5716709494590759 0.025399982929229736 0.14632391929626465
0 0.8542599678039551 0.4515552520751953 0.022399961948394775 0.0356040894985199
0 0.5661399960517883 0.4957069456577301 0.021000027656555176 0.10473006963729858
0 0.5226899981498718 0.4979948401451111 0.013380050659179688 0.08786630630493164
0 0.9199999570846558 0.5552698969841003 0.04399996995925903 0.22622105479240417
