0 0.016249999403953552 0.6499999761581421 0.032499998807907104 0.17500001192092896
0 0.10374999791383743 0.6725000143051147 0.08749999105930328 0.20999997854232788
0 0.20750001072883606 0.625 0.05499999225139618 0.14499998092651367
9 0.42374998331069946 0.6700000166893005 0.0925000011920929 0.12000000476837158
0 0.5900000333786011 0.6424999833106995 0.08499997854232788 0.12000000476837158
9 0.35374999046325684 0.6074999570846558 0.04749998450279236 0.06499999761581421
9 0.3199999928474426 0.5924999713897705 0.03999999165534973 0.04500001668930054
9 0.7412499785423279 0.6225000023841858 0.047500014305114746 0.04499995708465576
9 0.8412500023841858 0.6412500143051147 0.06749999523162842 0.07749998569488525
9 0.9137500524520874 0.7437499761581421 0.12250000238418579 0.19749999046325684
0 0.6525000333786011 0.7749999761581421 0.0899999737739563 0.2900000214576721
0 0.7637499570846558 0.7912499904632568 0.10750001668930054 0.29750001430511475
