1 0.7462499737739563 0.6512500047683716 0.19249999523162842 0.19749999046325684
4 0.5724999904632568 0.6262500286102295 0.07499998807907104 0.14749997854232788
1 0.7224999666213989 0.5349999666213989 0.06000000238418579 0.04000002145767212
0 0.08624999970197678 0.7300000190734863 0.10250000655651093 0.2149999737739563
0 0.20250000059604645 0.6337499618530273 0.06499999761581421 0.13749998807907104
0 0.25874999165534973 0.6037499904632568 0.05249999463558197 0.10750001668930054
0 0.13249999284744263 0.5850000381469727 0.054999999701976776 0.10499995946884155
0 0.023749999701976776 0.6175000071525574 0.04749999940395355 0.12999999523162842
0 0.4137499928474426 0.5600000023841858 0.02250000834465027 0.0700000524520874
0 0.32499998807907104 0.5837500095367432 0.025000005960464478 0.08249998092651367
