0 0.16124999523162842 0.6412500143051147 0.32249999046325684 0.4125000238418579
1 0.4137499928474426 0.6037499904632568 0.12250000238418579 0.12250000238418579
1 0.8075000047683716 0.6862499713897705 0.3700000047683716 0.2574999928474426
1 0.6150000095367432 0.5862500071525574 0.1549999713897705 0.09749996662139893
1 0.90625 0.9087499976158142 0.18250000476837158 0.17250001430511475
4 0.47874999046325684 0.5325000286102295 0.02250000834465027 0.04500001668930054
2 0.34375 0.5375000238418579 0.052500009536743164 0.09999996423721313
1 0.41750001907348633 0.5237500071525574 0.03999999165534973 0.03750002384185791
2 0.5649999976158142 0.5137500166893005 0.08000004291534424 0.047500014305114746
1 0.6800000071525574 0.5662499666213989 0.10500001907348633 0.07250005006790161
0 0.47749999165534973 0.4937499761581421 0.050000011920928955 0.04249998927116394
