0 0.4690937399864197 0.6943808197975159 0.2069375216960907 0.5887616872787476
1 0.1051953136920929 0.4964953064918518 0.2103906273841858 0.24532708525657654
1 0.38661718368530273 0.49080604314804077 0.17426562309265137 0.2244625985622406
1 0.6744765639305115 0.4569392502307892 0.19895315170288086 0.2988784909248352
1 0.8809609413146973 0.5723481178283691 0.23807811737060547 0.3640420436859131
1 0.375726580619812 0.24362149834632874 0.07645311951637268 0.09102803468704224
1 0.28279685974121094 0.20776869356632233 0.08918748795986176 0.07904204726219177
1 0.8941406011581421 0.4322429895401001 0.21171873807907104 0.17415890097618103
1 0.1809687614440918 0.12442757189273834 0.09600000083446503 0.07703271508216858
1 0.3259843587875366 0.4076635539531708 0.07640627026557922 0.07803738117218018
10 0.4624921679496765 0.1726752370595932 0.0763905942440033 0.09521028399467468
1 0.5723437070846558 0.41839954257011414 0.06125003099441528 0.15581774711608887
1 0.4755312502384186 0.2706892490386963 0.06018751859664917 0.09623831510543823
1 0.8335937261581421 0.32593458890914917 0.10781246423721313 0.05373832583427429
1 0.02187499962747097 0.7207944393157959 0.03749999776482582 0.3247663378715515
1 0.7132812738418579 0.3002336621284485 0.08281248807907104 0.06308409571647644
1 0.3578124940395355 0.15303738415241241 0.06562501192092896 0.07242990285158157
1 0.40546876192092896 0.16004672646522522 0.06093749403953552 0.07710280269384384
1 0.5593750476837158 0.31308412551879883 0.09062498807907104 0.1074766218662262
3 0.06796874850988388 0.3317756950855255 0.13593749701976776 0.1822429895401001
