0 0.8149999976158142 0.7024999856948853 0.09500002861022949 0.2149999737739563
0 0.8837500214576721 0.637499988079071 0.047500014305114746 0.15999996662139893
0 0.6662499904632568 0.7162500023841858 0.09749996662139893 0.2124999761581421
0 0.6124999523162842 0.6437499523162842 0.06000000238418579 0.13749998807907104
0 0.5037500262260437 0.7274999618530273 0.07750001549720764 0.2149999737739563
0 0.36500000953674316 0.7599999904632568 0.07500001788139343 0.26499998569488525
0 0.3449999988079071 0.6287499666213989 0.05500000715255737 0.08750003576278687
0 0.40625 0.6924999952316284 0.07249999046325684 0.23500001430511475
0 0.5299999713897705 0.6274999976158142 0.05500000715255737 0.13999998569488525
0 0.45749998092651367 0.6387500166893005 0.07500001788139343 0.17750000953674316
0 0.24124999344348907 0.6225000023841858 0.03749999403953552 0.12999999523162842
0 0.20875000953674316 0.6212500333786011 0.042500004172325134 0.12250000238418579
