0 0.7706406116485596 0.7276580929756165 0.022000014781951904 0.11578452587127686
0 0.2710937559604645 0.966042160987854 0.042187511920928955 0.06323182582855225
0 0.3671875 0.9227166175842285 0.08125001192092896 0.14988291263580322
0 0.28203123807907104 0.908665120601654 0.04218748211860657 0.10772836208343506
0 0.2789062559604645 0.8395785093307495 0.0390625 0.0960187315940857
0 0.32109373807907104 0.8946136236190796 0.0390625 0.16861826181411743
0 0.23046875 0.9262294769287109 0.045312508940696716 0.1428571343421936
0 0.20937499403953552 0.976580798625946 0.037500008940696716 0.042154550552368164
0 0.28828126192092896 0.7833724021911621 0.06093749403953552 0.12880557775497437
8 0.2421875 0.796252965927124 0.03125 0.12646371126174927
1 0.546093761920929 0.9461358189582825 0.1703125238418579 0.10772836208343506
0 0.7421875 0.7365339398384094 0.03437495231628418 0.1241217851638794
0 0.864062488079071 0.9180327653884888 0.046875 0.14519906044006348
0 0.901562511920929 0.913348913192749 0.06875002384185791 0.17330211400985718
0 0.7749999761581421 0.8676815032958984 0.0625 0.1615924835205078
0 0.86328125 0.7599531412124634 0.0234375 0.11943793296813965
0 0.930468738079071 0.7306791543960571 0.03281247615814209 0.13583135604858398
0 0.6226562261581421 0.7833724021911621 0.035937488079071045 0.1522248387336731
0 0.5328124761581421 0.8325526714324951 0.034375011920928955 0.12880557775497437
0 0.55078125 0.8231850266456604 0.0234375 0.1334894895553589
0 0.569531261920929 0.7014051675796509 0.0234375 0.11943793296813965
0 0.49687501788139343 0.66978919506073 0.06562501192092896 0.0936768651008606
0 0.6625000238418579 0.6639344692230225 0.021874964237213135 0.10070258378982544
0 0.60546875 0.675644040107727 0.02968752384185791 0.08665108680725098
0 0.43671876192092896 0.6709601879119873 0.020312517881393433 0.07728338241577148
0 0.6648437976837158 0.858313798904419 0.06718748807907104 0.16627633571624756
