8 0.7515468597412109 0.7261666655540466 0.1093437671661377 0.45650002360343933
8 0.881710946559906 0.7496979236602783 0.1426093578338623 0.492270827293396
0 0.6658046841621399 0.6393437385559082 0.043453097343444824 0.15410417318344116
1 0.09294531494379044 0.566072940826416 0.022328123450279236 0.022729158401489258
1 0.029921874403953552 0.5790833234786987 0.023624999448657036 0.03679168224334717
1 0.10881250351667404 0.567312479019165 0.012749999761581421 0.015625
1 0.0696406215429306 0.5738229155540466 0.01546875387430191 0.023270845413208008
1 0.06040624901652336 0.577135443687439 0.01368749886751175 0.028604209423065186
1 0.039820313453674316 0.5753645896911621 0.03267187625169754 0.03731250762939453
1 0.0066484371200203896 0.5827292203903198 0.013234375044703484 0.04929167032241821
0 0.625 0.6114583015441895 0.04375004768371582 0.10624998807907104
1 0.012500000186264515 0.5812499523162842 0.02500000037252903 0.050000011920928955
8 0.8265625238418579 0.7520833611488342 0.06562501192092896 0.375
8 0.9585937261581421 0.7739583253860474 0.07968753576278687 0.43958330154418945
0 0.8218749761581421 0.6208333373069763 0.050000011920928955 0.15416669845581055
4 0.60546875 0.7572916746139526 0.27031251788139343 0.47708332538604736
4 0.43281251192092896 0.7135416269302368 0.13124999403953552 0.37708336114883423
4 0.37890625 0.6572916507720947 0.09843748807907104 0.2562500238418579
0 0.36250001192092896 0.5625 0.015625 0.04583334922790527
5 0.14296874403953552 0.5656249523162842 0.0078125 0.02708333730697632
0 0.17109374701976776 0.5687500238418579 0.017187505960464478 0.03333336114883423
4 0.24609375 0.6052083373069763 0.0390625 0.10625004768371582
