0 0.9099999666213989 0.6537500023841858 0.0899999737739563 0.17750000953674316
0 0.6512500047683716 0.5837500095367432 0.047500014305114746 0.09749996662139893
1 0.6200000047683716 0.5499999523162842 0.06499999761581421 0.05500000715255737
0 0.7137500047683716 0.5412499904632568 0.022500038146972656 0.06749999523162842
0 0.9287500381469727 0.5712499618530273 0.04249995946884155 0.08250004053115845
0 0.9787499904632568 0.5912500023841858 0.03750002384185791 0.10749995708465576
0 0.8925000429153442 0.5499999523162842 0.04000002145767212 0.05500000715255737
0 0.07750000059604645 0.7012500166893005 0.06000000238418579 0.19249999523162842
0 0.1274999976158142 0.6762499809265137 0.0949999988079071 0.19249999523162842
0 0.20749999582767487 0.6612499952316284 0.0949999988079071 0.16750001907348633
0 0.3125 0.5962499976158142 0.05500000715255737 0.10249996185302734
4 0.36124998331069946 0.6962499618530273 0.14250001311302185 0.1524999737739563
1 0.4925000071525574 0.53125 0.11000001430511475 0.04250001907348633
1 0.6699999570846558 0.5187499523162842 0.0350000262260437 0.02249997854232788
0 0.3687499761581421 0.5249999761581421 0.027500003576278687 0.04500001668930054
