3 0.572857141494751 0.7141093611717224 0.44725993275642395 0.40956246852874756
3 0.4353044331073761 0.4703124761581421 0.23117095232009888 0.15165624022483826
0 0.8467915654182434 0.4761093854904175 0.025011658668518066 0.046624988317489624
0 0.9141685962677002 0.719796895980835 0.04838407039642334 0.09415626525878906
0 0.7469789385795593 0.5654374957084656 0.025807976722717285 0.0703437328338623
0 0.9207494258880615 0.5626093745231628 0.02988290786743164 0.07331252098083496
0 0.474906325340271 0.4004843831062317 0.026955485343933105 0.04278126358985901
0 0.8124238848686218 0.4248984456062317 0.018056154251098633 0.020390629768371582
0 0.868653416633606 0.46809375286102295 0.030281007289886475 0.03243750333786011
0 0.8004449605941772 0.5490468740463257 0.03231847286224365 0.06468749046325684
1 0.09430913627147675 0.4779609441757202 0.10103044658899307 0.06742191314697266
1 0.2581849992275238 0.4066093862056732 0.06878219544887543 0.04362499713897705
1 0.1836065649986267 0.3798750042915344 0.06576113402843475 0.03487500548362732
1 0.2034660428762436 0.3448437452316284 0.050632327795028687 0.03318750858306885
4 0.25617095828056335 0.3764062523841858 0.01946134865283966 0.021406233310699463
0 0.9592740535736084 0.6851953268051147 0.04604214429855347 0.07739061117172241
1 0.1738758683204651 0.31751561164855957 0.035854801535606384 0.02140626311302185
1 0.3541334867477417 0.35569530725479126 0.07159250974655151 0.028984367847442627
1 0.18148711323738098 0.5896562337875366 0.13454332947731018 0.1014062762260437
1 0.08838407695293427 0.8882890939712524 0.17676815390586853 0.2234218716621399
1 0.23959016799926758 0.31831249594688416 0.03857143223285675 0.023843765258789062
1 0.31633490324020386 0.3072734475135803 0.033559709787368774 0.021796882152557373
1 0.12113583087921143 0.35667186975479126 0.05533957481384277 0.03218749165534973
2 0.5613583326339722 0.438539057970047 0.09288054704666138 0.08201563358306885
2 0.5166627168655396 0.39253124594688416 0.08133488893508911 0.06293749809265137
1 0.035269320011138916 0.42317187786102295 0.07011710107326508 0.04865625500679016
0 0.844028115272522 0.5152578353881836 0.04000002145767212 0.03276565670967102
1 0.348419189453125 0.2919375002384186 0.03852459788322449 0.023937523365020752
2 0.6595784425735474 0.49043750762939453 0.1640281081199646 0.1077812910079956
2 0.47949647903442383 0.3708750009536743 0.07327866554260254 0.05637502670288086
1 0.007025761064141989 0.3609375059604645 0.014051522128283978 0.034375011920928955
1 0.25058549642562866 0.3031249940395355 0.03278687596321106 0.018750011920928955
1 0.23067915439605713 0.2789062261581421 0.025761127471923828 0.017187505960464478
1 0.31498828530311584 0.2906250059604645 0.030444979667663574 0.015625
1 0.2798594832420349 0.27734375 0.030444979667663574 0.010937511920928955
1 0.3665105402469635 0.28203123807907104 0.030444979667663574 0.0234375
0 0.4508196711540222 0.39140623807907104 0.021077275276184082 0.0390625
0 0.4344262480735779 0.390625 0.016393452882766724 0.04062497615814209
0 0.4227166175842285 0.36328125 0.016393452882766724 0.03281247615814209
0 0.40866512060165405 0.36406248807907104 0.011709600687026978 0.03125
0 0.4004684090614319 0.36328125 0.01405152678489685 0.02968752384185791
2 0.4414519667625427 0.34765625 0.06323185563087463 0.035937488079071045
2 0.4344262182712555 0.3296874761581421 0.04918032884597778 0.025000005960464478
2 0.40515220165252686 0.32890623807907104 0.056206077337265015 0.04218748211860657
2 0.4309133291244507 0.3109374940395355 0.04215458035469055 0.015625
2 0.3969554901123047 0.3109375238418579 0.03512880206108093 0.025000005960464478
2 0.39344263076782227 0.30156248807907104 0.037470728158950806 0.018749982118606567
0 0.4156908392906189 0.24296873807907104 0.011709600687026978 0.02656249701976776
0 0.4250585436820984 0.24453124403953552 0.016393423080444336 0.029687508940696716
4 0.255269318819046 0.36328125 0.023419201374053955 0.01718747615814209
0 0.728337287902832 0.5601562261581421 0.0281030535697937 0.060937464237213135
0 0.8325526714324951 0.5554687976837158 0.035128772258758545 0.06718748807907104
0 0.756440281867981 0.508593738079071 0.02341926097869873 0.04843747615814209
0 0.7412177920341492 0.503125011920929 0.016393423080444336 0.05312502384185791
0 0.8665105104446411 0.5632812976837158 0.04215461015701294 0.07343751192092896
0 0.8618267178535461 0.6429687738418579 0.04683840274810791 0.09218746423721313
0 0.8911007046699524 0.651562511920929 0.04449653625488281 0.09375
0 0.9742388725280762 0.703125 0.051522254943847656 0.09687495231628418
0 0.9391100406646729 0.6492187976837158 0.0281030535697937 0.08281248807907104
0 0.8021076917648315 0.5078125 0.03981262445449829 0.04062497615814209
0 0.7880561947822571 0.5078125 0.030444979667663574 0.06562498211860657
0 0.8864168524742126 0.5218750238418579 0.021077275276184082 0.028124988079071045
0 0.8688524961471558 0.5187499523162842 0.01873534917831421 0.028124988079071045
0 0.9402810335159302 0.546875 0.025761127471923828 0.0625
0 0.9285714626312256 0.5179687738418579 0.01639348268508911 0.010937511920928955
0 0.9238876104354858 0.5085937976837158 0.035128772258758545 0.026562511920928955
0 0.8711943626403809 0.49140626192092896 0.0281030535697937 0.03281250596046448
0 0.898126482963562 0.5031249523162842 0.030444979667663574 0.043749988079071045
0 0.9285714626312256 0.4906249940395355 0.0304449200630188 0.034375011920928955
0 0.5901639461517334 0.39375001192092896 0.023419201374053955 0.03749999403953552
0 0.6194379329681396 0.39453125 0.016393423080444336 0.0390625
0 0.6557377576828003 0.4320312440395355 0.0281030535697937 0.0234375
