1 0.6446250081062317 0.4998885691165924 0.1663750410079956 0.22935932874679565
1 0.8718593716621399 0.5125069618225098 0.1455625295639038 0.1982172727584839
2 0.7773046493530273 0.4557381570339203 0.11142188310623169 0.1830083727836609
1 0.6278203129768372 0.345821738243103 0.035765647888183594 0.08529248833656311
3 0.3344375193119049 0.3743871748447418 0.5441250205039978 0.31518107652664185
0 0.11101561784744263 0.520250678062439 0.05706249922513962 0.26311978697776794
0 0.9661484360694885 0.44916433095932007 0.03620314598083496 0.16155990958213806
0 0.9879218339920044 0.42104458808898926 0.024156272411346436 0.1190250813961029
0 0.9232265949249268 0.42942899465560913 0.024421870708465576 0.08370473980903625
0 0.9419765472412109 0.43144845962524414 0.021359384059906006 0.07938718795776367
2 0.670828104019165 0.3688161373138428 0.08625000715255737 0.13568243384361267
0 0.42109376192092896 0.5320334434509277 0.12968751788139343 0.4512534737586975
