1 0.9273437261581421 0.4947257339954376 0.14531248807907104 0.2890295386314392
2 0.558523416519165 0.47347044944763184 0.6271718740463257 0.6260970830917358
0 0.17231249809265137 0.44140294194221497 0.07521875202655792 0.2830590605735779
0 0.07994531095027924 0.4505801796913147 0.052671875804662704 0.2826371490955353
0 0.02160937525331974 0.44812238216400146 0.04321875050663948 0.3035443127155304
0 0.9682265520095825 0.3032172918319702 0.027234375476837158 0.09229958057403564
0 0.921328067779541 0.30498945713043213 0.026374995708465576 0.10470464825630188
0 0.6462031602859497 0.34463077783584595 0.025343716144561768 0.04597046971321106
0 0.06453905999660492 0.3082383871078491 0.012421872466802597 0.04694092273712158
0 0.34629687666893005 0.34753164649009705 0.025468766689300537 0.04037976264953613
3 0.16718749701976776 0.26476794481277466 0.15000000596046448 0.175105482339859
0 0.2640624940395355 0.31856539845466614 0.043749988079071045 0.11392402648925781
0 0.03828125074505806 0.31329113245010376 0.01406250149011612 0.06118142604827881
0 0.02812499925494194 0.31012657284736633 0.015625 0.06751054525375366
0 0.885937511920929 0.3101266026496887 0.03125 0.08860757946968079
