9 0.09750000387430191 0.731249988079071 0.14499999582767487 0.1875
9 0.1887499988079071 0.7112500071525574 0.0925000011920929 0.17250001430511475
0 0.39125001430511475 0.6362500190734863 0.0625 0.1524999737739563
0 0.6187499761581421 0.7037500143051147 0.07249999046325684 0.26249998807907104
1 0.8849999904632568 0.6449999809265137 0.2250000238418579 0.125
2 0.4612500071525574 0.5762499570846558 0.1875 0.09250003099441528
0 0.6525000333786011 0.5737500190734863 0.030000030994415283 0.07749998569488525
0 0.90625 0.5625 0.027500033378601074 0.04999995231628418
4 0.8550000190734863 0.5712500214576721 0.07499998807907104 0.052500009536743164
2 0.6637499928474426 0.5512499809265137 0.07249999046325684 0.06749999523162842
1 0.7425000071525574 0.5349999666213989 0.034999966621398926 0.025000035762786865
1 0.2900000214576721 0.5674999952316284 0.1550000011920929 0.06499999761581421
