0 0.6187499761581421 0.8350000381469727 0.19249999523162842 0.32499998807907104
0 0.4362500011920929 0.8199999928474426 0.13249999284744263 0.2549999952316284
0 0.13124999403953552 0.8149999976158142 0.11249999701976776 0.35500001907348633
0 0.3474999964237213 0.7737499475479126 0.12000000476837158 0.26249998807907104
0 0.23000000417232513 0.7799999713897705 0.08500000834465027 0.2800000309944153
0 0.09749999642372131 0.6312500238418579 0.05000000447034836 0.14249998331069946
0 0.14249999821186066 0.6075000166893005 0.05000000447034836 0.10000002384185791
0 0.18250000476837158 0.6100000143051147 0.04500000178813934 0.11500000953674316
0 0.25 0.637499988079071 0.06499999761581421 0.10000002384185791
0 0.01875000074505806 0.5874999761581421 0.03750000149011612 0.0899999737739563
0 0.04874999821186066 0.6137499809265137 0.042500000447034836 0.10750001668930054
0 0.01875000074505806 0.7224999666213989 0.03750000149011612 0.2149999737739563
