0 0.5249999761581421 0.6274999976158142 0.06499999761581421 0.14499998092651367
0 0.5912500023841858 0.6175000071525574 0.05750000476837158 0.12000000476837158
0 0.6512500047683716 0.6362500190734863 0.052500009536743164 0.14249998331069946
0 0.7037500143051147 0.5950000286102295 0.0625 0.1199999451637268
0 0.8174999952316284 0.5525000095367432 0.029999971389770508 0.06499999761581421
1 0.45624998211860657 0.5950000286102295 0.13749998807907104 0.08499997854232788
2 0.32499998807907104 0.5637500286102295 0.16499999165534973 0.08250004053115845
0 0.0949999988079071 0.6937500238418579 0.1850000023841858 0.23250001668930054
0 0.10875000059604645 0.5787500143051147 0.04249999672174454 0.06749999523162842
2 0.20624999701976776 0.5487499833106995 0.10749998688697815 0.0625
0 0.6987500190734863 0.7549999952316284 0.0975000262260437 0.26499998569488525
8 0.9087499976158142 0.8300000429153442 0.13750004768371582 0.3149999976158142
8 0.8075000047683716 0.7725000381469727 0.09500002861022949 0.2800000309944153
8 0.8600000143051147 0.668749988079071 0.06000000238418579 0.09249997138977051
8 0.9487500190734863 0.7362500429153442 0.0975000262260437 0.2824999690055847
0 0.7562500238418579 0.5262500047683716 0.017499983310699463 0.05750000476837158
