3 0.6074687242507935 0.24776995182037354 0.10046875476837158 0.23173707723617554
3 0.46958592534065247 0.1197652593255043 0.03601562976837158 0.07971830666065216
3 0.3508906364440918 0.2523474097251892 0.10178124904632568 0.17605632543563843
10 0.3285546898841858 0.6474765539169312 0.14798438549041748 0.3115258514881134
1 0.5257343649864197 0.6141314506530762 0.10184371471405029 0.18812203407287598
1 0.3891562521457672 0.4482042193412781 0.08546876907348633 0.10772299766540527
1 0.4177890717983246 0.3824530243873596 0.06410938501358032 0.09833332896232605
1 0.4320078194141388 0.32808685302734375 0.055671870708465576 0.07471829652786255
1 0.5333828330039978 0.47644364833831787 0.08332815766334534 0.12776994705200195
1 0.42121875286102295 0.16984742879867554 0.02371874451637268 0.03504694998264313
1 0.14807812869548798 0.6153638362884521 0.15556249022483826 0.20673710107803345
3 0.571609377861023 0.17354460060596466 0.06706249713897705 0.18746480345726013
10 0.6079374551773071 0.1180281713604927 0.05218750238418579 0.06887324154376984
1 0.5181875228881836 0.36944836378097534 0.05709376931190491 0.08387324213981628
1 0.4411015510559082 0.2732042074203491 0.046828120946884155 0.06753519177436829
1 0.5265390872955322 0.242394357919693 0.04139059782028198 0.05370891094207764
1 0.6269843578338623 0.46120890974998474 0.06943750381469727 0.12124413251876831
1 0.2437109351158142 0.4798122048377991 0.10407811403274536 0.13042256236076355
3 0.5081796646118164 0.16512909531593323 0.04851561784744263 0.09363849461078644
2 0.28174999356269836 0.3607981204986572 0.09940624237060547 0.15028166770935059
10 0.448492169380188 0.21010562777519226 0.040671855211257935 0.08147887885570526
2 0.7367187738418579 0.43661969900131226 0.1171875 0.2018779218196869
4 0.04218749701976776 0.7429577112197876 0.0624999962747097 0.18544596433639526
4 0.10312500596046448 0.7593896389007568 0.0781250074505806 0.17605632543563843
4 0.520312488079071 0.8180751204490662 0.06874999403953552 0.21830987930297852
10 0.4609375 0.17488262057304382 0.028124988079071045 0.082159623503685
1 0.4437499940395355 0.23239436745643616 0.043749988079071045 0.042253509163856506
2 0.7054687738418579 0.5704225301742554 0.12656253576278687 0.23943662643432617
4 0.77734375 0.8509389162063599 0.06406247615814209 0.23708921670913696
1 0.612500011920929 0.38497650623321533 0.078125 0.10798123478889465
4 0.867968738079071 0.8298121690750122 0.04843747615814209 0.21830981969833374
4 0.9632812738418579 0.8532863855361938 0.0703125 0.23239433765411377
4 0.10312500596046448 0.39906102418899536 0.03750000149011612 0.0845070481300354
