1 0.6179687976837158 0.454135537147522 0.13468748331069946 0.15144863724708557
1 0.06672656536102295 0.4916355013847351 0.1321093738079071 0.2603271007537842
0 0.22709375619888306 0.38207942247390747 0.02803124487400055 0.12733647227287292
0 0.25706249475479126 0.3795093297958374 0.0285937637090683 0.11817756295204163
0 0.6693046689033508 0.36065420508384705 0.03014063835144043 0.03579437732696533
0 0.612851619720459 0.37106308341026306 0.03135937452316284 0.04810750484466553
0 0.01761718839406967 0.32384347915649414 0.03523437678813934 0.09212616086006165
5 0.15625 0.4789719581604004 0.12187499552965164 0.30841121077537537
5 0.3304687738418579 0.5981308221817017 0.22031250596046448 0.7943925261497498
5 0.4507812559604645 0.46962618827819824 0.06718748807907104 0.3177570402622223
5 0.49609375 0.44509345293045044 0.0546875 0.23130843043327332
5 0.3109375238418579 0.42990654706954956 0.05312499403953552 0.1822429895401001
