6 0.3301733434200287 0.3953799903392792 0.617306649684906 0.5115600228309631
6 0.2507599890232086 0.2100200057029724 0.029946669936180115 0.054200008511543274
0 0.7772799730300903 0.16080999374389648 0.023466646671295166 0.058379992842674255
1 0.9769866466522217 0.11758999526500702 0.03519999980926514 0.017740003764629364
1 0.9396133422851562 0.1178400069475174 0.038106679916381836 0.016240008175373077
1 0.8577066659927368 0.12285999953746796 0.03248000144958496 0.016360007226467133
1 0.831613302230835 0.11761000007390976 0.028559982776641846 0.014779999852180481
1 0.7930666208267212 0.12435999512672424 0.035839974880218506 0.012599997222423553
1 0.7414266467094421 0.12400999665260315 0.028453350067138672 0.02202000468969345
1 0.8957333564758301 0.12043999135494232 0.027893364429473877 0.014639995992183685
