0 0.9175000190734863 0.78125 0.1600000262260437 0.3174999952316284
9 0.7987500429153442 0.65625 0.11750000715255737 0.11249995231628418
9 0.731249988079071 0.6337499618530273 0.05750000476837158 0.08750003576278687
0 0.6150000095367432 0.6337500214576721 0.039999961853027344 0.17250001430511475
0 0.5325000286102295 0.6150000095367432 0.04500001668930054 0.14499998092651367
0 0.4712499976158142 0.6649999618530273 0.052500009536743164 0.17500001192092896
1 0.03750000149011612 0.5687500238418579 0.07500000298023224 0.0975000262260437
8 0.38499999046325684 0.6537500023841858 0.04499998688697815 0.14250004291534424
8 0.34375 0.6162500381469727 0.047500014305114746 0.14749997854232788
0 0.4362500011920929 0.6362500190734863 0.047500014305114746 0.13749998807907104
8 0.4087499976158142 0.612500011920929 0.027500003576278687 0.12000000476837158
0 0.5625 0.6187499761581421 0.029999971389770508 0.0975000262260437
