1 0.7718906402587891 0.6435350179672241 0.11421877145767212 0.13331210613250732
1 0.8542656302452087 0.5945222973823547 0.05425000190734863 0.07044589519500732
1 0.6746875047683716 0.5659394860267639 0.0455937385559082 0.038949012756347656
1 0.7102265357971191 0.5634554028511047 0.03473442792892456 0.038248419761657715
0 0.11150781065225601 0.6929458379745483 0.06523437798023224 0.39429935812950134
0 0.18332812190055847 0.7316242456436157 0.06159375607967377 0.4059235453605652
0 0.593203067779541 0.6043471097946167 0.030062496662139893 0.18964964151382446
1 0.7657265663146973 0.5621974468231201 0.02292191982269287 0.02350318431854248
10 0.4343515634536743 0.5372611284255981 0.36320313811302185 0.32050952315330505
0 0.2367812544107437 0.7679777145385742 0.07112500071525574 0.46404457092285156
10 0.20472657680511475 0.37558916211128235 0.2374218851327896 0.45181530714035034
10 0.8355312347412109 0.5724363327026367 0.04009371995925903 0.08117836713790894
10 0.22187501192092896 0.4394904375076294 0.01874999701976776 0.1146496832370758
10 0.21171875298023224 0.4331210255622864 0.0078125 0.08280253410339355
10 0.6390625238418579 0.5398089289665222 0.050000011920928955 0.11783435940742493
1 0.8999999761581421 0.5636942386627197 0.028124988079071045 0.03821653127670288
0 0.00937500037252903 0.5015923380851746 0.015625 0.07324838638305664
0 0.19921875 0.5700637102127075 0.010937511920928955 0.05095541477203369
