1 0.8827464580535889 0.38111716508865356 0.11737090349197388 0.04639062285423279
1 0.4946596026420593 0.30049216747283936 0.02645537257194519 0.014703124761581421
1 0.816291093826294 0.34607812762260437 0.07784038782119751 0.03100001811981201
10 0.9695539474487305 0.35737499594688416 0.06089204549789429 0.08006250858306885
1 0.9881455302238464 0.41884374618530273 0.02370893955230713 0.043562501668930054
1 0.8752934336662292 0.3402421772480011 0.05988264083862305 0.017578125
1 0.5630868673324585 0.328976571559906 0.04636150598526001 0.029828131198883057
0 0.22300469875335693 0.663281261920929 0.14553989470005035 0.1703125238418579
0 0.19953051209449768 0.6187499761581421 0.1220657229423523 0.15000003576278687
0 0.4096243977546692 0.5921875238418579 0.15258213877677917 0.16249996423721313
0 0.5399061441421509 0.5914062261581421 0.1220657229423523 0.14531248807907104
0 0.6549295783042908 0.73046875 0.1314554214477539 0.1859375238418579
0 0.6420187950134277 0.5687500238418579 0.10093897581100464 0.12187498807907104
0 0.5856807231903076 0.5257812738418579 0.09624415636062622 0.12656250596046448
3 0.03286384791135788 0.4390625059604645 0.06572769582271576 0.09687501192092896
1 0.09976525604724884 0.4351562559604645 0.07276996225118637 0.0390625
0 0.082159623503685 0.503125011920929 0.10328638553619385 0.109375
0 0.13967135548591614 0.51953125 0.10093896836042404 0.09843751788139343
0 0.31103286147117615 0.5015624761581421 0.10563379526138306 0.12499997019767761
0 0.35211265087127686 0.4671875238418579 0.0798121988773346 0.10312500596046448
0 0.4201878011226654 0.4742187261581421 0.08920186758041382 0.07031247019767761
0 0.4706572890281677 0.48046875 0.06807509064674377 0.08906248211860657
0 0.43779343366622925 0.41796875 0.07746478915214539 0.04531252384185791
0 0.4154929518699646 0.4296875 0.0422535240650177 0.02499997615814209
0 0.5023474097251892 0.4453125 0.06103286147117615 0.078125
10 0.7159624099731445 0.3187500238418579 0.07042258977890015 0.05625000596046448
1 0.6995304822921753 0.3421874940395355 0.051643192768096924 0.03125
5 0.6502347588539124 0.37578123807907104 0.07511734962463379 0.05781248211860657
10 0.7769953012466431 0.31953126192092896 0.061032891273498535 0.04218748211860657
2 0.5539906024932861 0.2953125238418579 0.03286385536193848 0.025000005960464478
0 0.7464789152145386 0.53125 0.1220657229423523 0.12187501788139343
1 0.7781690359115601 0.3578125238418579 0.0915493369102478 0.04062500596046448
0 0.7816901206970215 0.6312500238418579 0.13615024089813232 0.14687496423721313
0 0.8896713256835938 0.6007812023162842 0.11267608404159546 0.14531248807907104
0 0.5481220483779907 0.4164062738418579 0.05868542194366455 0.07656249403953552
0 0.501173734664917 0.40703123807907104 0.04460090398788452 0.05781248211860657
0 0.47535210847854614 0.4046874940395355 0.04460093379020691 0.050000011920928955
0 0.3861502408981323 0.4007812738418579 0.049295783042907715 0.04531249403953552
0 0.3321596384048462 0.4000000059604645 0.04460093379020691 0.059374988079071045
0 0.30399060249328613 0.40703123807907104 0.04460093379020691 0.06406250596046448
0 0.28169015049934387 0.41015625 0.018779337406158447 0.04843747615814209
0 0.048122067004442215 0.3695312440395355 0.05399060994386673 0.0546875
