1 0.7754297256469727 0.8807708024978638 0.3901405930519104 0.22137504816055298
1 0.6146405935287476 0.7594895958900452 0.16990619897842407 0.13106250762939453
9 0.4823359251022339 0.6943957805633545 0.02567186951637268 0.04858332872390747
0 0.15925781428813934 0.7599999904632568 0.05095311999320984 0.17900002002716064
9 0.5376406311988831 0.7070000171661377 0.023593783378601074 0.05566668510437012
0 0.0397031232714653 0.7364270687103271 0.05406250059604645 0.16581249237060547
9 0.5121250152587891 0.7548021078109741 0.04056251049041748 0.1145208477973938
9 0.19921094179153442 0.7347604036331177 0.027328118681907654 0.08227086067199707
9 0.2381015568971634 0.7185208797454834 0.03792187571525574 0.06158334016799927
9 0.47929686307907104 0.7266354560852051 0.02150002121925354 0.03610414266586304
6 0.45781248807907104 0.7718750238418579 0.04062500596046448 0.03958332538604736
1 0.7406250238418579 0.7395833730697632 0.13124996423721313 0.10416668653488159
