5 0.4477396011352539 0.5460156202316284 0.15410414338111877 0.09562501311302185
5 0.40038540959358215 0.5666718482971191 0.15593749284744263 0.08974999189376831
5 0.3764687478542328 0.634835958480835 0.148145854473114 0.07257813215255737
5 0.26218748092651367 0.7590781450271606 0.17158332467079163 0.07387501001358032
5 0.5936458110809326 0.3293984532356262 0.1507917046546936 0.0811719000339508
5 0.5540208220481873 0.4386562705039978 0.1417916715145111 0.05378124117851257
5 0.45508331060409546 0.49046874046325684 0.14274999499320984 0.0858437716960907
5 0.36483335494995117 0.5865468978881836 0.163875013589859 0.08521872758865356
5 0.26488542556762695 0.7145859003067017 0.15206249058246613 0.08082813024520874
5 0.18397916853427887 0.8380858898162842 0.17787501215934753 0.09017187356948853
5 0.13603125512599945 0.8597031235694885 0.15397916734218597 0.09387505054473877
5 0.1067291647195816 0.9482187628746033 0.19079166650772095 0.10356247425079346
5 0.49001041054725647 0.4609453082084656 0.1235625147819519 0.08885940909385681
0 0.7840625047683716 0.7080702781677246 0.06170833110809326 0.07520312070846558
0 0.843583345413208 0.1396796852350235 0.05108332633972168 0.11667188256978989
0 0.9234687089920044 0.4144921898841858 0.08152085542678833 0.10664063692092896
0 0.9548333287239075 0.1207578182220459 0.06320834159851074 0.12342187762260437
0 0.9142187833786011 0.10084374994039536 0.04622918367385864 0.07018749415874481
5 0.2786041498184204 0.6899609565734863 0.16091665625572205 0.10260939598083496
1 0.5785728693008423 0.17704688012599945 0.2761874794960022 0.23884376883506775
1 0.2564687430858612 0.5076718926429749 0.3688541650772095 0.32881250977516174
0 0.5734374523162842 0.5449297428131104 0.09345835447311401 0.08104687929153442
0 0.9580520987510681 0.04926562309265137 0.05335414409637451 0.06131249666213989
0 0.9596562385559082 0.4543437361717224 0.07772916555404663 0.06431248784065247
1 0.037322916090488434 0.7847656011581421 0.07464583218097687 0.15293747186660767
0 0.9119791984558105 0.15838280320167542 0.08004170656204224 0.11423437297344208
0 0.984375 0.04140624776482582 0.027083277702331543 0.07656250149011612
0 0.9885416626930237 0.10625000298023224 0.022916674613952637 0.09062499552965164
