1 0.7101500034332275 0.2940399944782257 0.15338003635406494 0.0618399977684021
0 0.11999999731779099 0.31993332505226135 0.02515999972820282 0.07421332597732544
0 0.5150399804115295 0.2600666880607605 0.027480006217956543 0.034480005502700806
1 0.16433000564575195 0.2796800136566162 0.08258000761270523 0.047359973192214966
4 0.26788002252578735 0.44572001695632935 0.12424001097679138 0.18013334274291992
2 0.07638999819755554 0.3078399896621704 0.13806000351905823 0.08959999680519104
1 0.5044800043106079 0.2842933237552643 0.09596002101898193 0.06938666105270386
0 0.6510000228881836 0.25599998235702515 0.013999998569488525 0.042666658759117126
0 0.4440000057220459 0.25066667795181274 0.02000001072883606 0.032000020146369934
4 0.7940000295639038 0.36800000071525574 0.11599999666213989 0.19733333587646484
4 0.909000039100647 0.43199998140335083 0.10600000619888306 0.29866668581962585
