4 0.5 0.764468789100647 0.35365626215934753 0.2745208144187927
0 0.34946876764297485 0.5026458501815796 0.0428750216960907 0.14404168725013733
0 0.3072265386581421 0.6906041502952576 0.10139063000679016 0.45924997329711914
0 0.20800000429153442 0.4830520749092102 0.03728124499320984 0.11931249499320984
0 0.3203437626361847 0.4830208420753479 0.028218746185302734 0.11645832657814026
0 0.43534374237060547 0.5019270777702332 0.05746874213218689 0.13710415363311768
0 0.48875778913497925 0.5183854103088379 0.04073438048362732 0.20214581489562988
0 0.5220156311988831 0.5308437347412109 0.054718732833862305 0.21506249904632568
0 0.5847421884536743 0.5661145448684692 0.07026565074920654 0.28356248140335083
0 0.6276328563690186 0.5233229398727417 0.0447656512260437 0.21256250143051147
0 0.11544531583786011 0.6000000238418579 0.08932811766862869 0.41350001096725464
0 0.4236093759536743 0.7018437385559082 0.09962499141693115 0.4008541703224182
0 0.2699843645095825 0.46010416746139526 0.04718749225139618 0.07958334684371948
1 0.6850078105926514 0.44706249237060547 0.023328125476837158 0.034208327531814575
0 0.18311718106269836 0.6421145796775818 0.10520313680171967 0.43006250262260437
0 0.6656249761581421 0.5531250238418579 0.06562501192092896 0.24375000596046448
0 0.078125 0.5895833373069763 0.04999999701976776 0.37083330750465393
1 0.24296875298023224 0.4479166865348816 0.04843750596046448 0.03749999403953552
0 0.23593749105930328 0.6416666507720947 0.06874999403953552 0.34166666865348816
9 0.9585937261581421 0.6208333373069763 0.051562488079071045 0.21666669845581055
