0 0.36124998331069946 0.5900000333786011 0.057499974966049194 0.1350000500679016
0 0.23499999940395355 0.5362499952316284 0.034999996423721313 0.07749998569488525
0 0.13750000298023224 0.5287500023841858 0.025000005960464478 0.05750000476837158
9 0.10999999940395355 0.5737500190734863 0.044999994337558746 0.04250001907348633
9 0.08624999970197678 0.5712500214576721 0.03749999403953552 0.052500009536743164
4 0.4987500011920929 0.5862500071525574 0.14249998331069946 0.10749995708465576
4 0.625 0.6175000071525574 0.059999942779541016 0.11000001430511475
1 0.8512499928474426 0.6050000190734863 0.29250001907348633 0.16500002145767212
4 0.4437500238418579 0.5387499928474426 0.03749999403953552 0.03250002861022949
0 0.8712500333786011 0.5162500143051147 0.017499983310699463 0.03250002861022949
1 0.9462499618530273 0.5512499809265137 0.10250002145767212 0.05750000476837158
1 0.26749998331069946 0.5037499666213989 0.04499998688697815 0.03249996900558472
1 0.1550000011920929 0.4962499737739563 0.050000011920928955 0.04249998927116394
2 0.21875 0.4725000262260437 0.027500003576278687 0.025000005960464478
1 0.3525000214576721 0.4987499713897705 0.04499998688697815 0.03749999403953552
1 0.1875 0.48500001430511475 0.025000005960464478 0.025000005960464478
2 0.49000000953674316 0.4962500035762787 0.034999996423721313 0.02249997854232788
9 0.05624999850988388 0.6412500143051147 0.07250000536441803 0.13249999284744263
9 0.17624999582767487 0.5625 0.0625 0.04999995231628418
9 0.016249999403953552 0.5499999523162842 0.027499999850988388 0.050000011920928955
