3 0.619937539100647 0.1041145846247673 0.09796875715255737 0.1834375113248825
3 0.9017109870910645 0.2864895761013031 0.17739063501358032 0.2890625
10 0.4271015524864197 0.27133333683013916 0.13260936737060547 0.27554166316986084
5 0.2855781316757202 0.7735104560852051 0.10249999165534973 0.3279791474342346
0 0.08852344006299973 0.7608333230018616 0.07995311915874481 0.32866668701171875
0 0.27931249141693115 0.4547083377838135 0.040593743324279785 0.1497499942779541
0 0.238343745470047 0.47052082419395447 0.03131251037120819 0.13362497091293335
0 0.2549140751361847 0.30936455726623535 0.03789062798023224 0.11181250214576721
0 0.2643203139305115 0.3933541774749756 0.022078126668930054 0.07124999165534973
0 0.26374998688697815 0.35383331775665283 0.033187493681907654 0.08295831084251404
0 0.7999609708786011 0.36402082443237305 0.029796898365020752 0.12520834803581238
0 0.29039061069488525 0.3618541657924652 0.028062492609024048 0.058208346366882324
0 0.5292421579360962 0.16592708230018616 0.028921902179718018 0.06872916221618652
0 0.2950078248977661 0.6313854455947876 0.037265628576278687 0.07227081060409546
1 0.5860468745231628 0.7431562542915344 0.32231247425079346 0.38647913932800293
1 0.7177890539169312 0.3474583327770233 0.10151565074920654 0.13254165649414062
1 0.7903749942779541 0.5135104060173035 0.10049998760223389 0.17010414600372314
1 0.9376015663146973 0.6444374918937683 0.12479686737060547 0.15450000762939453
0 0.3199687600135803 0.19367708265781403 0.014750003814697266 0.07218751311302185
1 0.5354218482971191 0.30255210399627686 0.09612497687339783 0.12064585089683533
1 0.942062497138977 0.5505833625793457 0.1158750057220459 0.09412497282028198
1 0.4882734417915344 0.11825000494718552 0.05467188358306885 0.0416666716337204
1 0.5280312299728394 0.1485729217529297 0.06018751859664917 0.07668749988079071
1 0.7054843902587891 0.2252916693687439 0.05815625190734863 0.0964166671037674
1 0.453851580619812 0.4541145861148834 0.035765618085861206 0.1562291979789734
1 0.9677343964576721 0.7708333730697632 0.06140625476837158 0.18333333730697632
3 0.39646875858306885 0.19327083230018616 0.11606249213218689 0.2802083492279053
3 0.9425937533378601 0.2814791798591614 0.11481249332427979 0.22220833599567413
0 0.22776561975479126 0.4364895820617676 0.0351874977350235 0.13972914218902588
1 0.5240000486373901 0.48266667127609253 0.13637501001358032 0.24450001120567322
0 0.03125 0.7718750238418579 0.05312500149011612 0.3020833134651184
0 0.2890625 0.31562501192092896 0.02187502384185791 0.03958335518836975
0 0.22421875596046448 0.30520832538604736 0.029687508940696716 0.11041668057441711
0 0.23828125 0.2552083432674408 0.020312488079071045 0.0520833283662796
0 0.2835937440395355 0.2593750059604645 0.020312488079071045 0.11041666567325592
0 0.3023437261581421 0.25208333134651184 0.029687494039535522 0.10000000894069672
0 0.2890625 0.2083333432674408 0.012499988079071045 0.024999991059303284
0 0.24765625596046448 0.21666666865348816 0.032812491059303284 0.06666666269302368
0 0.22265625 0.22083333134651184 0.017187505960464478 0.04999999701976776
0 0.25859373807907104 0.18020832538604736 0.023437485098838806 0.06458334624767303
0 0.2671875059604645 0.171875 0.015625 0.0729166567325592
0 0.27421873807907104 0.14791667461395264 0.014062494039535522 0.0416666716337204
1 0.33203125 0.12708333134651184 0.010937511920928955 0.08749999850988388
1 0.3203125 0.11875000596046448 0.018750011920928955 0.06666667014360428
1 0.27656251192092896 0.1041666716337204 0.03749999403953552 0.0625000074505806
1 0.44453126192092896 0.11666667461395264 0.04218748211860657 0.03333333879709244
0 0.45390623807907104 0.08437500149011612 0.014062494039535522 0.03125
1 0.5 0.14166666567325592 0.028125017881393433 0.06666666269302368
0 0.633593738079071 0.1666666567325592 0.02968752384185791 0.07500000298023224
0 0.682812511920929 0.14166666567325592 0.02187502384185791 0.07083332538604736
0 0.6976562738418579 0.14374999701976776 0.017187535762786865 0.06666666269302368
0 0.6742187738418579 0.12604166567325592 0.014062464237213135 0.0729166641831398
1 0.8820312023162842 0.559374988079071 0.12031251192092896 0.17291665077209473
0 0.46484375 0.0989583283662796 0.01406252384185791 0.03541667014360428
