0 0.17000000178813934 0.6399999856948853 0.05500000715255737 0.06499999761581421
9 0.2162500023841858 0.6875 0.08249999582767487 0.125
9 0.2862499952316284 0.6537500023841858 0.0625 0.07249999046325684
9 0.3362500071525574 0.6375000476837158 0.04249998927116394 0.07499998807907104
9 0.3774999976158142 0.5950000286102295 0.04000002145767212 0.04500001668930054
9 0.4050000011920929 0.6124999523162842 0.050000011920928955 0.06000000238418579
0 0.46000000834465027 0.5950000286102295 0.050000011920928955 0.0899999737739563
5 0.5562499761581421 0.6687500476837158 0.08250004053115845 0.1274999976158142
5 0.6812499761581421 0.5787500143051147 0.04749995470046997 0.10250002145767212
0 0.5962499976158142 0.5412499904632568 0.01750004291534424 0.04250001907348633
0 0.8125 0.543749988079071 0.02499997615814209 0.04250001907348633
1 0.8799999952316284 0.5399999618530273 0.04499995708465576 0.030000030994415283
0 0.9600000381469727 0.5425000190734863 0.020000040531158447 0.04500001668930054
0 0.9825000166893005 0.5449999570846558 0.019999980926513672 0.04500001668930054
