1 0.5604971647262573 0.5778359174728394 0.06448405981063843 0.024796903133392334
1 0.3925328254699707 0.5728046894073486 0.06183865666389465 0.03892183303833008
1 0.22549718618392944 0.5778906345367432 0.028142601251602173 0.015625
1 0.18621012568473816 0.5805859565734863 0.026754215359687805 0.016796886920928955
3 0.31092870235443115 0.5628593564033508 0.13037525117397308 0.09615623950958252
5 0.4870356619358063 0.6322343349456787 0.0847654938697815 0.1886562705039978
6 0.15020637214183807 0.8372578620910645 0.17088180780410767 0.31995314359664917
10 0.8058161735534668 0.6019843816757202 0.3883677124977112 0.24943748116493225
9 0.05251407250761986 0.854812502861023 0.10502814501523972 0.14831244945526123
1 0.4306378960609436 0.5759921669960022 0.03294557332992554 0.023203134536743164
1 0.5443152189254761 0.5674687623977661 0.044352710247039795 0.016343772411346436
1 0.2433677315711975 0.5794453024864197 0.015103176236152649 0.02864062786102295
1 0.49061915278434753 0.5828125476837158 0.09193247556686401 0.043749988079071045
