1 0.3343749940395355 0.5338470935821533 0.01321876049041748 0.05188232660293579
1 0.7074296474456787 0.5454117655754089 0.059578120708465576 0.06112945079803467
1 0.6706328392028809 0.5401999950408936 0.043359339237213135 0.05334115028381348
1 0.9467031359672546 0.5729411840438843 0.0898749828338623 0.08414113521575928
1 0.43055468797683716 0.5227646827697754 0.027578115463256836 0.03564709424972534
1 0.39582812786102295 0.5196706056594849 0.047749996185302734 0.05392938852310181
1 0.8512734174728394 0.6159176826477051 0.20879685878753662 0.17042356729507446
1 0.3429921865463257 0.5352235436439514 0.02242189645767212 0.052658796310424805
1 0.4761015772819519 0.5305529832839966 0.019671887159347534 0.035552918910980225
1 0.45838281512260437 0.5290822982788086 0.016515612602233887 0.028282344341278076
1 0.520757794380188 0.5385882258415222 0.07589063048362732 0.0945882499217987
1 0.3695312440395355 0.5364705920219421 0.057812511920928955 0.061176419258117676
4 0.6265624761581421 0.567058801651001 0.050000011920928955 0.12235289812088013
