1 0.015585937537252903 0.2661111056804657 0.031171875074505806 0.07695035636425018
0 0.5587344169616699 0.5039479732513428 0.3774687647819519 0.9921039938926697
0 0.8566015958786011 0.3048226833343506 0.03657811880111694 0.11541371047496796
0 0.8185937404632568 0.28521275520324707 0.03237497806549072 0.11037825047969818
0 0.9359375238418579 0.25387707352638245 0.043749988079071045 0.09640663862228394
0 0.9053515195846558 0.21977540850639343 0.009921848773956299 0.05482269823551178
1 0.844476580619812 0.217955082654953 0.02770310640335083 0.058226943016052246
1 0.8622968792915344 0.19758865237236023 0.013812541961669922 0.015697389841079712
1 0.8569921851158142 0.20384161174297333 0.01054692268371582 0.017186760902404785
0 0.24062499403953552 0.4822694957256317 0.27812498807907104 0.7234042286872864
2 0.09296874701976776 0.2434988021850586 0.11093749850988388 0.09456263482570648
0 0.887499988079071 0.49054375290870667 0.2250000238418579 0.40425533056259155
1 0.8734375238418579 0.19976359605789185 0.012499988079071045 0.016548454761505127
