0 0.9375 0.6012499928474426 0.08500003814697266 0.10749995708465576
0 0.9737499952316284 0.5987499952316284 0.047500014305114746 0.11750000715255737
5 0.9700000286102295 0.6625000238418579 0.05500000715255737 0.11500000953674316
0 0.8812500238418579 0.668749988079071 0.0625 0.1625000238418579
0 0.7575000524520874 0.6162500381469727 0.050000011920928955 0.14749997854232788
0 0.8125 0.6525000333786011 0.06500005722045898 0.17500001192092896
0 0.8387500047683716 0.5962499976158142 0.027500033378601074 0.07249999046325684
0 0.6637499928474426 0.6387499570846558 0.08749997615814209 0.15749996900558472
0 0.5449999570846558 0.6012500524520874 0.06000000238418579 0.13249999284744263
0 0.5850000381469727 0.5687500238418579 0.030000030994415283 0.08250004053115845
0 0.47874999046325684 0.5899999737739563 0.052500009536743164 0.12000000476837158
0 0.36500000953674316 0.5687500238418579 0.030000001192092896 0.07750004529953003
0 0.2574999928474426 0.5587500333786011 0.040000006556510925 0.07250005006790161
