4 0.06177343800663948 0.7511770725250244 0.12254687398672104 0.2356874942779541
0 0.6471641063690186 0.8458333015441895 0.17870312929153442 0.30000001192092896
0 0.6506249904632568 0.6719270944595337 0.03237497806549072 0.10181248188018799
4 0.5125234127044678 0.692395806312561 0.05307811498641968 0.1485416293144226
1 0.5887187719345093 0.6185937523841858 0.0441250205039978 0.04777085781097412
4 0.4701250195503235 0.6379270553588867 0.025687485933303833 0.0666458010673523
4 0.2992187440395355 0.7541666626930237 0.12031249701976776 0.24166667461395264
4 0.34765625 0.6895833015441895 0.06406247615814209 0.1416667103767395
4 0.21953125298023224 0.7062499523162842 0.04843750596046448 0.10416668653488159
0 0.590624988079071 0.7020833492279053 0.046875 0.17083334922790527
4 0.8343750238418579 0.9104167222976685 0.24375003576278687 0.12916666269302368
4 0.8406250476837158 0.9364583492279053 0.31562501192092896 0.11874997615814209
0 0.22031250596046448 0.04791666939854622 0.02812500298023224 0.05416666716337204
4 0.7796875238418579 0.8677083253860474 0.16562503576278687 0.13541662693023682
4 0.33125001192092896 0.6437499523162842 0.03125 0.050000011920928955
4 0.3921874761581421 0.6510416269302368 0.04062500596046448 0.08958333730697632
4 0.44999998807907104 0.6791666746139526 0.05312499403953552 0.13749998807907104
4 0.6234375238418579 0.6416666507720947 0.018750011920928955 0.07083332538604736
5 0.15781250596046448 0.6906249523162842 0.09687499701976776 0.21458333730697632
