0 0.9125000238418579 0.5850000381469727 0.050000011920928955 0.10499995946884155
0 0.9600000381469727 0.5874999761581421 0.0350000262260437 0.09999996423721313
0 0.800000011920929 0.5412499904632568 0.029999971389770508 0.047500014305114746
0 0.831250011920929 0.5487499833106995 0.03250002861022949 0.047500014305114746
0 0.8774999976158142 0.5387499928474426 0.029999971389770508 0.03750002384185791
0 0.7262499928474426 0.6237499713897705 0.03750002384185791 0.11750000715255737
0 0.762499988079071 0.6175000071525574 0.034999966621398926 0.11000001430511475
0 0.6899999976158142 0.6337499618530273 0.039999961853027344 0.11750000715255737
5 0.8487499952316284 0.6625000238418579 0.10749995708465576 0.14000004529953003
0 0.6599999666213989 0.6599999666213989 0.04000002145767212 0.15000003576278687
0 0.6162500381469727 0.6699999570846558 0.08250004053115845 0.20499998331069946
0 0.5637500286102295 0.6637499928474426 0.05749994516372681 0.14750003814697266
0 0.5950000286102295 0.5974999666213989 0.030000030994415283 0.07999998331069946
0 0.36000001430511475 0.7262499928474426 0.15000000596046448 0.30250000953674316
0 0.45375001430511475 0.6775000095367432 0.11749997735023499 0.19999998807907104
0 0.29124999046325684 0.7050000429153442 0.07249999046325684 0.20999997854232788
0 0.22874999046325684 0.6924999952316284 0.07249999046325684 0.18000000715255737
