0 0.1599999964237213 0.7662500143051147 0.13500000536441803 0.1625000238418579
0 0.26249998807907104 0.7387499809265137 0.0599999874830246 0.17750000953674316
9 0.3162499964237213 0.6899999976158142 0.047500014305114746 0.08500003814697266
9 0.16249999403953552 0.6649999618530273 0.05499999225139618 0.05500000715255737
0 0.4399999976158142 0.6212500333786011 0.04500001668930054 0.11750000715255737
0 0.8087500333786011 0.7737500071525574 0.08250004053115845 0.18250000476837158
0 0.9624999761581421 0.6950000524520874 0.06999999284744263 0.19499999284744263
4 0.7412499785423279 0.7162500023841858 0.07249999046325684 0.13750004768371582
0 0.5012500286102295 0.6162500381469727 0.03249996900558472 0.0975000262260437
0 0.6787500381469727 0.6112500429153442 0.037499964237213135 0.09250003099441528
2 0.5587500333786011 0.5487499833106995 0.10250002145767212 0.047500014305114746
0 0.39625000953674316 0.5837500095367432 0.01750001311302185 0.0625
0 0.3737500011920929 0.5862500071525574 0.02249997854232788 0.07249999046325684
0 0.3512499928474426 0.5862500071525574 0.02250000834465027 0.0625
