0 0.3190999925136566 0.6168599128723145 0.2809600234031677 0.7438163757324219
0 0.6200000047683716 0.5966183543205261 0.2719999849796295 0.5990338325500488
0 0.9352700114250183 0.37585750222206116 0.07954001426696777 0.28369563817977905
0 0.8109999895095825 0.4193357229232788 0.15799999237060547 0.37007245421409607
0 0.49491000175476074 0.3795289695262909 0.0704599916934967 0.2778019309043884
0 0.8689299821853638 0.3764130473136902 0.063260018825531 0.27640095353126526
0 0.6740000247955322 0.25216183066368103 0.171999990940094 0.10818839073181152
1 0.43801000714302063 0.3722584545612335 0.060259997844696045 0.1540338397026062
0 0.7325199842453003 0.2970169186592102 0.05144000053405762 0.09615941345691681
0 0.9833500385284424 0.3852415680885315 0.03329998254776001 0.19690820574760437
