5 0.7605156302452087 0.4519718289375305 0.08309376239776611 0.09539908170700073
0 0.5073906183242798 0.35335680842399597 0.013437509536743164 0.02812206745147705
0 0.8537499904632568 0.43264085054397583 0.05984377861022949 0.19607985019683838
0 0.977718710899353 0.41774648427963257 0.04456251859664917 0.14755868911743164
0 0.18098437786102295 0.6067370772361755 0.2213749885559082 0.7550704479217529
0 0.08424218744039536 0.4469718337059021 0.07976561784744263 0.3330516517162323
0 0.2660859227180481 0.4917488098144531 0.07004687190055847 0.36673709750175476
0 0.8991875052452087 0.4310680627822876 0.032968759536743164 0.163450688123703
8 0.028414063155651093 0.5033685564994812 0.05085937678813934 0.337065726518631
0 0.8114843368530273 0.41767606139183044 0.030875027179718018 0.1631455421447754
0 0.5419765710830688 0.3542957901954651 0.011171877384185791 0.030985921621322632
0 0.3836328089237213 0.3778873085975647 0.0865781307220459 0.03863850235939026
1 0.013984374701976776 0.38683098554611206 0.027968749403953552 0.05023473501205444
4 0.6507812738418579 0.6514084339141846 0.14531248807907104 0.5845070481300354
