1 0.20583593845367432 0.6124166250228882 0.09332811832427979 0.09333330392837524
1 0.024195311591029167 0.6176979541778564 0.048390623182058334 0.09464579820632935
1 0.017906250432133675 0.5696041584014893 0.034312497824430466 0.03570830821990967
3 0.42533594369888306 0.504687488079071 0.3573906421661377 0.44070836901664734
0 0.9629530906677246 0.6072916984558105 0.060281217098236084 0.24375000596046448
0 0.6498125195503235 0.6068229079246521 0.03059375286102295 0.1273125410079956
0 0.6194297075271606 0.6002500057220459 0.04467189311981201 0.14566665887832642
0 0.14863282442092896 0.5597083568572998 0.01195313036441803 0.04570835828781128
0 0.1741328090429306 0.5537291765213013 0.009703129529953003 0.04391670227050781
0 0.18910156190395355 0.5529479384422302 0.02298438549041748 0.022562503814697266
0 0.005249999929219484 0.5168020725250244 0.00865624938160181 0.02872920036315918
0 0.16623437404632568 0.5593541860580444 0.009718745946884155 0.04787498712539673
1 0.03531249985098839 0.5445937514305115 0.028062500059604645 0.029604196548461914
1 0.011976562440395355 0.5447187423706055 0.0227656252682209 0.01310420036315918
0 0.0939921885728836 0.5498645901679993 0.009484373033046722 0.05414581298828125
0 0.10703124850988388 0.5572916269302368 0.0078125 0.043749988079071045
0 0.11484374850988388 0.5552083253860474 0.0078125 0.04791665077209473
9 0.13124999403953552 0.5552083253860474 0.012500002980232239 0.03541666269302368
0 0.4609375 0.5406249761581421 0.012499988079071045 0.022916674613952637
0 0.6742187738418579 0.6052083373069763 0.0390625 0.1312500238418579
