0 0.09749999642372131 0.6912499666213989 0.09999999403953552 0.24250000715255737
0 0.21250000596046448 0.6575000286102295 0.07000000774860382 0.1850000023841858
0 0.023749999701976776 0.7124999761581421 0.04749999940395355 0.21999996900558472
0 0.42750000953674316 0.6349999904632568 0.05500000715255737 0.17000001668930054
0 0.38625001907348633 0.6399999856948853 0.04249998927116394 0.14499998092651367
0 0.33125001192092896 0.6649999618530273 0.05750000476837158 0.18000000715255737
9 0.2724999785423279 0.6187499761581421 0.04499998688697815 0.08250004053115845
2 0.5637500286102295 0.6074999570846558 0.2225000262260437 0.20499998331069946
2 0.6924999952316284 0.5299999713897705 0.04999995231628418 0.04500001668930054
0 0.9674999713897705 0.5724999904632568 0.06499999761581421 0.09000003337860107
0 0.8337500095367432 0.5362499952316284 0.017499983310699463 0.052500009536743164
