0 0.41750001907348633 0.7599999904632568 0.07500001788139343 0.24000000953674316
0 0.8037499785423279 0.643750011920929 0.07749998569488525 0.1625000238418579
0 0.4987500309944153 0.7975000143051147 0.07750001549720764 0.19499999284744263
0 0.2849999964237213 0.8562500476837158 0.07499998807907104 0.14749997854232788
0 0.949999988079071 0.7100000381469727 0.09500002861022949 0.21999996900558472
1 0.08749999850988388 0.6150000095367432 0.17499999701976776 0.125
1 0.4449999928474426 0.5275000333786011 0.09000000357627869 0.04000002145767212
1 0.5499999523162842 0.5337499976158142 0.06999999284744263 0.047500014305114746
1 0.35500001907348633 0.5212500095367432 0.07500001788139343 0.03250002861022949
0 0.7425000071525574 0.5375000238418579 0.019999980926513672 0.04500001668930054
0 0.9487500190734863 0.6000000238418579 0.0625 0.07999998331069946
1 0.8037500381469727 0.5600000023841858 0.08750003576278687 0.07500004768371582
5 0.5062500238418579 0.6225000023841858 0.13749998807907104 0.09500002861022949
