1 0.6694609522819519 0.8420937657356262 0.10239064693450928 0.09418749809265137
1 0.7494765520095825 0.8330520391464233 0.06454688310623169 0.05147916078567505
0 0.37458592653274536 0.8699687719345093 0.038359373807907104 0.19714581966400146
9 0.17798438668251038 0.8282707929611206 0.026718750596046448 0.049041688442230225
1 0.8413749933242798 0.8100728988647461 0.036687493324279785 0.03618746995925903
1 0.9529531002044678 0.8150937557220459 0.05268746614456177 0.05364584922790527
0 0.10902343690395355 0.8867812156677246 0.05467187613248825 0.22443753480911255
1 0.8657734394073486 0.8074479103088379 0.01732814311981201 0.027354121208190918
1 0.8048046827316284 0.8277604579925537 0.05620312690734863 0.03627079725265503
1 0.8805234432220459 0.8084999918937683 0.017953157424926758 0.014041662216186523
1 0.968999981880188 0.8624271154403687 0.06199997663497925 0.11902087926864624
