1 0.24272999167442322 0.46543997526168823 0.05561999976634979 0.059093326330184937
1 0.37692999839782715 0.454800009727478 0.04106000065803528 0.03391999006271362
0 0.7888399958610535 0.430733323097229 0.0281599760055542 0.056453317403793335
0 0.8242300152778625 0.4711466431617737 0.032739996910095215 0.1316799819469452
0 0.8546800017356873 0.5314266681671143 0.04716002941131592 0.23661330342292786
0 0.9792799949645996 0.5290533304214478 0.04144001007080078 0.26018667221069336
4 0.7544900178909302 0.5268266201019287 0.03582000732421875 0.10106664896011353
4 0.20552998781204224 0.5793066620826721 0.06438000500202179 0.15983998775482178
4 0.1832900047302246 0.49618667364120483 0.03638000786304474 0.07386663556098938
0 0.4893900156021118 0.44678667187690735 0.026580005884170532 0.05287998914718628
4 0.3149999976158142 0.4599999785423279 0.018000006675720215 0.05066666007041931
