8 0.19624999165534973 0.7549999952316284 0.1224999874830246 0.33500003814697266
8 0.32375001907348633 0.7450000047683716 0.0925000011920929 0.28999996185302734
8 0.4025000035762787 0.6762499809265137 0.06000000238418579 0.24250000715255737
8 0.4637500047683716 0.6749999523162842 0.0625 0.20499998331069946
4 0.925000011920929 0.5199999809265137 0.029999971389770508 0.04500001668930054
4 0.9587500095367432 0.5262500047683716 0.052500009536743164 0.04250001907348633
4 0.8287500143051147 0.5112500190734863 0.03250002861022949 0.037499964237213135
4 0.7925000190734863 0.5112500190734863 0.019999980926513672 0.03249996900558472
4 0.7737499475479126 0.5099999904632568 0.012499988079071045 0.02499997615814209
10 0.47749999165534973 0.5375000238418579 0.21999996900558472 0.1599999964237213
4 0.25 0.518750011920929 0.014999985694885254 0.03750002384185791
1 0.29750001430511475 0.5149999856948853 0.04999998211860657 0.0350000262260437
