0 0.9207578301429749 0.46941453218460083 0.033421874046325684 0.08693209290504456
0 0.39124220609664917 0.4365105628967285 0.014921873807907104 0.048290401697158813
1 0.14009374380111694 0.42811477184295654 0.03653125464916229 0.030515223741531372
0 0.9097031354904175 0.4693208336830139 0.02434372901916504 0.10117098689079285
0 0.8711249828338623 0.473419189453125 0.03871876001358032 0.09447309374809265
0 0.3726562559604645 0.42974239587783813 0.0078125 0.05386418104171753
0 0.43671876192092896 0.43676814436912537 0.010937482118606567 0.05386418104171753
0 0.44453126192092896 0.43559718132019043 0.010937482118606567 0.037470728158950806
0 0.3375000059604645 0.4285714030265808 0.015625 0.037470728158950806
0 0.4085937738418579 0.432084321975708 0.014062494039535522 0.03512880206108093
1 0.22265625 0.42388761043548584 0.060937508940696716 0.04215458035469055
4 0.04062499850988388 0.44847774505615234 0.078125 0.11943793296813965
4 0.49609375 0.5608899593353271 0.1796875 0.3114754259586334
4 0.6328125 0.49531614780426025 0.1468750238418579 0.23185011744499207
1 0.983593761920929 0.4847775101661682 0.02968752384185791 0.07025763392448425
