0 0.03125 0.752500057220459 0.0625 0.3100000023841858
0 0.30250000953674316 0.7712500095367432 0.10999998450279236 0.3474999666213989
0 0.07500000298023224 0.6237499713897705 0.07000000029802322 0.1824999451637268
0 0.1525000035762787 0.5587500333786011 0.030000001192092896 0.05249994993209839
0 0.17000000178813934 0.7250000238418579 0.10499999672174454 0.35999995470046997
0 0.5874999761581421 0.6412500143051147 0.06000000238418579 0.17750000953674316
0 0.543749988079071 0.5924999713897705 0.027500033378601074 0.07999998331069946
8 0.5224999785423279 0.7287499904632568 0.08500000834465027 0.26249998807907104
8 0.45499998331069946 0.721250057220459 0.07500001788139343 0.2475000023841858
0 0.4112499952316284 0.6087499856948853 0.04250001907348633 0.13749998807907104
0 0.45375001430511475 0.5800000429153442 0.04249998927116394 0.06999999284744263
0 0.3500000238418579 0.574999988079071 0.034999996423721313 0.13499999046325684
0 0.3050000071525574 0.5562499761581421 0.030000001192092896 0.07750004529953003
0 0.2537499964237213 0.5575000047683716 0.02750001847743988 0.08500003814697266
3 0.03999999910593033 0.5 0.07999999821186066 0.0650000274181366
10 0.16499999165534973 0.4962499737739563 0.17000000178813934 0.057499974966049194
0 0.22999998927116394 0.5412499904632568 0.019999995827674866 0.047500014305114746
10 0.6537500023841858 0.5062500238418579 0.15250003337860107 0.06250002980232239
1 0.78125 0.5212500095367432 0.08249998092651367 0.03250002861022949
1 0.856249988079071 0.5187499523162842 0.04250001907348633 0.02249997854232788
2 0.8999999761581421 0.5187499523162842 0.04500001668930054 0.02249997854232788
