3 0.47081249952316284 0.682541012763977 0.07956251502037048 0.08447307348251343
5 0.5038515329360962 0.8229273557662964 0.059453099966049194 0.2370491623878479
0 0.15440624952316284 0.737693190574646 0.020624995231628418 0.08433252573013306
1 0.33884376287460327 0.7404449582099915 0.1469375193119049 0.10112416744232178
1 0.8276094198226929 0.8460772633552551 0.206906259059906 0.24943792819976807
1 0.6772733926773071 0.7889461517333984 0.04545313119888306 0.10407495498657227
1 0.6689140796661377 0.7811592817306519 0.052859365940093994 0.09220141172409058
0 0.8902187347412109 0.7195667028427124 0.02324998378753662 0.03594845533370972
0 0.845203161239624 0.7226346731185913 0.025000035762786865 0.02920377254486084
0 0.829226553440094 0.7212294936180115 0.014359354972839355 0.022365331649780273
0 0.09010937809944153 0.7016042470932007 0.01603125035762787 0.03140515089035034
0 0.7334296703338623 0.7110421657562256 0.01460939645767212 0.020585477352142334
0 0.106382817029953 0.707166314125061 0.012953124940395355 0.030491769313812256
0 0.9192812442779541 0.7240866422653198 0.01934373378753662 0.050936758518218994
0 0.9109375476837158 0.7441451549530029 0.021593749523162842 0.060421526432037354
0 0.7966406345367432 0.7177283763885498 0.022750020027160645 0.03269320726394653
1 0.7197656631469727 0.7918969392776489 0.0883750319480896 0.14580798149108887
1 0.5946718454360962 0.7146252989768982 0.036531269550323486 0.05571424961090088
1 0.08956249803304672 0.7476463317871094 0.07268749177455902 0.06381732225418091
1 0.6562734246253967 0.7555503845214844 0.08442187309265137 0.10370022058486938
1 0.027351561933755875 0.7451639175415039 0.05470312386751175 0.0987587571144104
1 0.18854688107967377 0.7270842790603638 0.03228124976158142 0.05004686117172241
3 0.5326952934265137 0.6736299991607666 0.04073435068130493 0.05714285373687744
1 0.528124988079071 0.7295081615447998 0.125 0.06791573762893677
1 0.421875 0.6873536109924316 0.02187502384185791 0.021077275276184082
1 0.23281250894069672 0.7131147384643555 0.04062500596046448 0.04918032884597778
1 0.22109374403953552 0.722482442855835 0.029687508940696716 0.04449647665023804
