1 0.726437509059906 0.5543854236602783 0.136968731880188 0.05614584684371948
1 0.17912499606609344 0.5425208806991577 0.017093747854232788 0.015749990940093994
10 0.37584376335144043 0.5479375123977661 0.3539375066757202 0.40450000762939453
0 0.5530703067779541 0.6510000228881836 0.09689062833786011 0.3188750147819519
0 0.753179669380188 0.7573437690734863 0.05804687738418579 0.26252084970474243
0 0.882312536239624 0.4570520520210266 0.05896872282028198 0.08831247687339783
1 0.09958593547344208 0.5301979184150696 0.008609376847743988 0.01310420036315918
1 0.13963282108306885 0.5410416722297668 0.015171870589256287 0.013749957084655762
2 0.9105312824249268 0.5663958191871643 0.17893749475479126 0.4852083623409271
1 0.1544531285762787 0.5444270968437195 0.009468749165534973 0.007354140281677246
1 0.15491406619548798 0.5276875495910645 0.009984374046325684 0.00795835256576538
