1 0.6578099727630615 0.777999997138977 0.019380033016204834 0.033823490142822266
1 0.0385500006377697 0.8625147342681885 0.0771000012755394 0.15549999475479126
3 0.2707900106906891 0.7941176891326904 0.44558000564575195 0.38823527097702026
0 0.7646000385284424 0.7893087863922119 0.016959965229034424 0.07361763715744019
0 0.06611000001430511 0.7675882577896118 0.020419999957084656 0.03594118356704712
0 0.7298699617385864 0.8470882177352905 0.04166001081466675 0.17752939462661743
1 0.5687099695205688 0.8209853172302246 0.02993994951248169 0.08055883646011353
10 0.687999963760376 0.7647058963775635 0.0480000376701355 0.08823531866073608
10 0.6000000238418579 0.75 0.07600003480911255 0.10000002384185791
0 0.7829999923706055 0.7838234901428223 0.022000014781951904 0.07352942228317261
0 0.7440000176429749 0.7808823585510254 0.019999980926513672 0.06764709949493408
0 0.1899999976158142 0.3647058606147766 0.01600000262260437 0.029411762952804565
