1 0.6028046607971191 0.6318936944007874 0.12339061498641968 0.18923592567443848
1 0.06089062616229057 0.6976743936538696 0.12178125232458115 0.2772093415260315
3 0.041218750178813934 0.4865282475948334 0.08243750035762787 0.26740866899490356
10 0.10074999928474426 0.5594185590744019 0.04574999958276749 0.14415282011032104
0 0.2687968611717224 0.5857142806053162 0.022437483072280884 0.07794022560119629
0 0.15233594179153442 0.5853488445281982 0.01935938000679016 0.0886378288269043
0 0.1806327998638153 0.5808305740356445 0.027421876788139343 0.10504984855651855
0 0.13695311546325684 0.5798006653785706 0.016156241297721863 0.1114950180053711
0 0.18724218010902405 0.573189377784729 0.008671864867210388 0.07222592830657959
1 0.14687499403953552 0.5780730843544006 0.0468749925494194 0.08637869358062744
1 0.8304687738418579 0.594684362411499 0.08281248807907104 0.08637875318527222
4 0.3671875 0.6146179437637329 0.08437502384185791 0.2259136438369751
4 0.4390625059604645 0.5996677875518799 0.059374988079071045 0.15614616870880127
4 0.49531251192092896 0.6112957000732422 0.04999998211860657 0.17940199375152588
4 0.4671875238418579 0.5863787531852722 0.025000005960464478 0.1029900312423706
5 0.6867187023162842 0.6295680999755859 0.06718748807907104 0.32225915789604187
4 0.7476562261581421 0.5913621187210083 0.042187511920928955 0.10631227493286133
4 0.821093738079071 0.609634518623352 0.04531252384185791 0.18936878442764282
