5 0.017031250521540642 0.6449764966964722 0.03399999812245369 0.10788732767105103
1 0.6240390539169312 0.5097770094871521 0.08107811212539673 0.06894364953041077
1 0.5754531621932983 0.4920539855957031 0.05993753671646118 0.07415494322776794
3 0.4599297046661377 0.4644835591316223 0.1712343990802765 0.21990609169006348
0 0.08301562070846558 0.5977582335472107 0.11518749594688416 0.45842722058296204
0 0.1972343772649765 0.5009037256240845 0.03237500786781311 0.16208919882774353
0 0.15431249141693115 0.4989553987979889 0.032812491059303284 0.17697185277938843
5 0.9043359756469727 0.5167722702026367 0.030921876430511475 0.05744129419326782
5 0.9406172037124634 0.5311267375946045 0.010046899318695068 0.03962439298629761
5 0.9698047041893005 0.5266549587249756 0.01907813549041748 0.06251174211502075
5 0.1300937533378601 0.5534976720809937 0.020093746483325958 0.06150233745574951
5 0.9518671631813049 0.5266666412353516 0.022359371185302734 0.05929574370384216
5 0.927484393119812 0.518650233745575 0.016343772411346436 0.061525821685791016
5 0.9902031421661377 0.5302582383155823 0.019593775272369385 0.06347420811653137
0 0.28758594393730164 0.4751525819301605 0.020046889781951904 0.07786387205123901
5 0.010898437350988388 0.6630046963691711 0.021796874701976776 0.11291074752807617
5 0.1371796876192093 0.5348473787307739 0.01979687809944153 0.05368548631668091
5 0.9357031583786011 0.5223356485366821 0.019281208515167236 0.05500000715255737
5 0.02767968736588955 0.6137676239013672 0.054640624672174454 0.1462675929069519
0 0.23750001192092896 0.5469483733177185 0.0937500149011612 0.30985918641090393
0 0.32890623807907104 0.5328638553619385 0.06718751788139343 0.28169015049934387
0 0.7476562261581421 0.48708921670913696 0.045312464237213135 0.09154930710792542
5 0.8742187023162842 0.5035211443901062 0.035937488079071045 0.11971834301948547
