0 0.65625 0.7849999666213989 0.13750004768371582 0.26500004529953003
0 0.9362499713897705 0.8075000047683716 0.12250000238418579 0.3799999952316284
0 0.7912499904632568 0.5774999856948853 0.047500014305114746 0.0899999737739563
0 0.8474999666213989 0.581250011920929 0.06000000238418579 0.09749996662139893
0 0.9012500047683716 0.5887500047683716 0.04250001907348633 0.08249998092651367
0 0.5074999928474426 0.5600000023841858 0.02499997615814209 0.0549999475479126
4 0.07999999821186066 0.5499999523162842 0.05999999865889549 0.08499997854232788
0 0.1287499964237213 0.5512499809265137 0.032499998807907104 0.07749998569488525
0 0.028749998658895493 0.5462499856948853 0.03750000149011612 0.07249999046325684
0 0.2212499976158142 0.5475000143051147 0.027500003576278687 0.06999999284744263
