0 0.6037499904632568 0.5437500476837158 0.052500009536743164 0.10250002145767212
0 0.731249988079071 0.6074999570846558 0.15250003337860107 0.1850000023841858
0 0.925000011920929 0.5974999666213989 0.11500000953674316 0.1350000500679016
0 0.9137499928474426 0.8224999904632568 0.14250004291534424 0.3500000238418579
4 0.125 0.71875 0.25 0.22249996662139893
4 0.26250001788139343 0.5762499570846558 0.07000000774860382 0.13249999284744263
1 0.3449999988079071 0.4912499785423279 0.02499997615814209 0.02250000834465027
1 0.29500001668930054 0.5037499666213989 0.04499998688697815 0.037499964237213135
0 0.1537500023841858 0.5849999785423279 0.06750000268220901 0.11000001430511475
0 0.7337499856948853 0.53125 0.04250001907348633 0.0625
0 0.9162499904632568 0.5399999618530273 0.06749999523162842 0.07999998331069946
