4 0.019999999552965164 0.5349999666213989 0.019999999552965164 0.0350000262260437
4 0.2212499976158142 0.643750011920929 0.10750000178813934 0.1625000238418579
4 0.6924999952316284 0.7024999856948853 0.25999999046325684 0.20499998331069946
1 0.06750000268220901 0.5162500143051147 0.04500000178813934 0.0274999737739563
1 0.1850000023841858 0.5299999713897705 0.08500000834465027 0.030000030994415283
1 0.26374998688697815 0.5299999713897705 0.04749999940395355 0.025000035762786865
1 0.32749998569488525 0.5399999618530273 0.0650000274181366 0.030000030994415283
2 0.3474999964237213 0.5299999713897705 0.06499999761581421 0.0350000262260437
0 0.4050000011920929 0.5562499761581421 0.02499997615814209 0.0625
1 0.41874998807907104 0.5399999618530273 0.07750001549720764 0.04000002145767212
8 0.5199999809265137 0.5737500190734863 0.030000030994415283 0.07749998569488525
8 0.7762500047683716 0.6200000047683716 0.04250001907348633 0.12999999523162842
8 0.9175000190734863 0.5625 0.030000030994415283 0.0549999475479126
8 0.875 0.5612499713897705 0.02499997615814209 0.05749994516372681
8 0.8162499666213989 0.5637500286102295 0.0274999737739563 0.05749994516372681
8 0.9662500023841858 0.5600000023841858 0.03250002861022949 0.0549999475479126
1 0.6399999856948853 0.5287500023841858 0.05500000715255737 0.027500033378601074
1 0.7212499976158142 0.5299999713897705 0.04250001907348633 0.020000040531158447
