10 0.07000000029802322 0.6700000166893005 0.14000000059604645 0.3800000250339508
2 0.1887499988079071 0.5237500071525574 0.052500009536743164 0.04250001907348633
10 0.4000000059604645 0.5687499642372131 0.17000001668930054 0.17249998450279236
0 0.8675000071525574 0.6887500286102295 0.08000004291534424 0.1774999499320984
1 0.3112500011920929 0.5587500333786011 0.02249997854232788 0.07250005006790161
0 0.8350000381469727 0.6287499666213989 0.05500000715255737 0.1274999976158142
0 0.9262499809265137 0.6612499952316284 0.047500014305114746 0.13750004768371582
0 0.8925000429153442 0.581250011920929 0.0350000262260437 0.05750000476837158
0 0.8675000071525574 0.5687500238418579 0.029999971389770508 0.0625
0 0.5850000381469727 0.5587499737739563 0.030000030994415283 0.06749999523162842
0 0.2487500011920929 0.5199999809265137 0.017499998211860657 0.04000002145767212
10 0.29750001430511475 0.512499988079071 0.034999996423721313 0.0650000274181366
