1 0.11552344262599945 0.6865555644035339 0.16814061999320984 0.2397778034210205
0 0.03688281401991844 0.569902777671814 0.07376562803983688 0.5908055305480957
0 0.1587187498807907 0.5895833373069763 0.037718743085861206 0.07461106777191162
0 0.24623435735702515 0.5655277967453003 0.023968741297721863 0.042611122131347656
0 0.1302187442779541 0.5605972409248352 0.026062503457069397 0.041361093521118164
1 0.3812500238418579 0.6291666626930237 0.09999999403953552 0.10833334922790527
1 0.23046875 0.6791666746139526 0.27656251192092896 0.21388888359069824
5 0.3023437261581421 0.6388888955116272 0.10781249403953552 0.33888888359069824
0 0.10703125596046448 0.5694444179534912 0.02968750149011612 0.055555522441864014
0 0.08906249701976776 0.5888888835906982 0.018750004470348358 0.03888893127441406
