1 0.7237265706062317 0.6317915916442871 0.09267187118530273 0.08114755153656006
1 0.6835702657699585 0.6270492076873779 0.04351562261581421 0.06969553232192993
1 0.5517812371253967 0.616873562335968 0.03390622138977051 0.07079625129699707
1 0.5022343397140503 0.6018033027648926 0.050718724727630615 0.07311475276947021
1 0.364507794380188 0.6038056015968323 0.020484358072280884 0.05173301696777344
0 0.25712502002716064 0.7611709833145142 0.18299999833106995 0.46829038858413696
7 0.6131953001022339 0.7390280961990356 0.11701560020446777 0.4938407838344574
0 0.46357813477516174 0.7725292444229126 0.07062500715255737 0.44594842195510864
0 0.20923437178134918 0.660433292388916 0.055281251668930054 0.19960182905197144
0 0.40370312333106995 0.759789228439331 0.07262498140335083 0.4804215431213379
0 0.33284375071525574 0.5979742407798767 0.034562528133392334 0.10358309745788574
0 0.7608202695846558 0.594473123550415 0.017046868801116943 0.051756441593170166
0 0.38633590936660767 0.575281023979187 0.020234376192092896 0.05028104782104492
0 0.967523455619812 0.6364753842353821 0.03682810068130493 0.11814987659454346
0 0.9198125004768372 0.5956439971923828 0.017343759536743164 0.02857142686843872
7 0.8796718716621399 0.7963114976882935 0.18178129196166992 0.40737706422805786
