0 0.7737500071525574 0.7000000476837158 0.06749999523162842 0.17000001668930054
0 0.8787499666213989 0.7225000262260437 0.1274999976158142 0.25
0 0.956250011920929 0.7649999856948853 0.08249998092651367 0.20999997854232788
0 0.7124999761581421 0.6462500095367432 0.050000011920928955 0.13749998807907104
0 0.9774999618530273 0.6524999737739563 0.04000002145767212 0.12999999523162842
0 0.6237499713897705 0.5950000286102295 0.03249996900558472 0.0899999737739563
0 0.824999988079071 0.5737500190734863 0.034999966621398926 0.08249998092651367
0 0.875 0.5612499713897705 0.039999961853027344 0.0625
4 0.3174999952316284 0.5974999666213989 0.0949999988079071 0.06499999761581421
0 0.44749999046325684 0.5762500166893005 0.04999998211860657 0.08249998092651367
0 0.5674999952316284 0.5737500190734863 0.02499997615814209 0.07749998569488525
0 0.24125000834465027 0.5612499713897705 0.022499993443489075 0.0675000548362732
0 0.7549999952316284 0.5512499809265137 0.034999966621398926 0.06749999523162842
0 0.7012499570846558 0.5462499856948853 0.02249997854232788 0.047500014305114746
0 0.5249999761581421 0.5587499737739563 0.030000030994415283 0.06749999523162842
0 0.6675000190734863 0.5499999523162842 0.025000035762786865 0.05500000715255737
