0 0.75390625 0.3902343809604645 0.1734374761581421 0.21790623664855957
1 0.27571094036102295 0.2513671815395355 0.09504687786102295 0.032078132033348083
1 0.7019062042236328 0.20942187309265137 0.03956252336502075 0.016062498092651367
1 0.2759453058242798 0.6745312213897705 0.5471718311309814 0.6297187805175781
1 0.4643203020095825 0.4393047094345093 0.31245312094688416 0.2988281548023224
1 0.6105937957763672 0.3588281273841858 0.09646874666213989 0.14353126287460327
1 0.5173437595367432 0.2501484453678131 0.06606248021125793 0.051546886563301086
1 0.09884375333786011 0.3382031321525574 0.1966249942779541 0.09865623712539673
1 0.5737890601158142 0.2219531238079071 0.03979682922363281 0.03543749451637268
1 0.609601616859436 0.29469531774520874 0.13942188024520874 0.08082813024520874
1 0.6693671941757202 0.2724531292915344 0.06882810592651367 0.06975001096725464
1 0.5912500023841858 0.21149998903274536 0.04303121566772461 0.03768749535083771
1 0.37046873569488525 0.2970546782016754 0.12074998021125793 0.08582812547683716
