0 0.026250001043081284 0.59375 0.03750000149011612 0.11249995231628418
2 0.32375001907348633 0.5237500071525574 0.052499979734420776 0.05750000476837158
1 0.2574999928474426 0.5162500143051147 0.030000001192092896 0.0274999737739563
1 0.8774999976158142 0.90625 0.24500000476837158 0.18250000476837158
9 0.856249988079071 0.6312500238418579 0.0625 0.11750000715255737
0 0.9449999928474426 0.6537500023841858 0.08500003814697266 0.19749999046325684
0 0.7074999809265137 0.5762499570846558 0.06499999761581421 0.10250002145767212
2 0.7599999904632568 0.5287500023841858 0.06999999284744263 0.03250002861022949
1 0.6799999475479126 0.5362499952316284 0.06499999761581421 0.03750002384185791
0 0.5699999928474426 0.5625 0.02499997615814209 0.07500004768371582
0 0.5462499856948853 0.543749988079071 0.017499983310699463 0.06749999523162842
