1 0.5293059349060059 0.5431399941444397 0.9339660406112671 0.5618000030517578
1 0.2828187048435211 0.26794999837875366 0.2957790493965149 0.12650001049041748
2 0.2424362599849701 0.21724998950958252 0.23099149763584137 0.06414000689983368
0 0.8700425028800964 0.2749599814414978 0.17917847633361816 0.30719998478889465
0 0.6713880896568298 0.21222999691963196 0.07495748996734619 0.14861999452114105
0 0.3337818682193756 0.16967999935150146 0.0412747859954834 0.07052001357078552
0 0.7393767833709717 0.21474000811576843 0.06628894805908203 0.14400000870227814
0 0.14813031256198883 0.15540000796318054 0.02124646306037903 0.016639992594718933
0 0.044546741992235184 0.22599999606609344 0.08087819069623947 0.21599999070167542
0 0.09376770257949829 0.23905999958515167 0.10668554902076721 0.18832001090049744
0 0.48147308826446533 0.20718000829219818 0.07881021499633789 0.14640000462532043
0 0.952832818031311 0.24907000362873077 0.07915014028549194 0.2296600043773651
0 0.39947593212127686 0.1906299889087677 0.05492916703224182 0.10641999542713165
0 0.6223796010017395 0.15314000844955444 0.059490084648132324 0.0387599915266037
0 0.3654957413673401 0.17412999272346497 0.032804518938064575 0.0678199976682663
0 0.1989234983921051 0.15556000173091888 0.013201132416725159 0.015119999647140503
0 0.9730877876281738 0.335099995136261 0.05382436513900757 0.2963600158691406
0 0.30736541748046875 0.17000000178813934 0.0254957377910614 0.06799998879432678
0 0.2747875452041626 0.16300000250339508 0.016997158527374268 0.034000009298324585
0 0.25637394189834595 0.15700000524520874 0.019830048084259033 0.030000001192092896
0 0.20821529626846313 0.15799999237060547 0.01416429877281189 0.019999995827674866
0 0.23937676846981049 0.15799999237060547 0.01416429877281189 0.015999987721443176
0 0.21954673528671265 0.1550000011920929 0.014164313673973083 0.018000006675720215
