1 0.21059374511241913 0.6442583799362183 0.04362499713897705 0.05937802791595459
1 0.34977343678474426 0.6576674580574036 0.018296897411346436 0.07351672649383545
3 0.7749218940734863 0.5665191411972046 0.44359374046325684 0.6734689474105835
8 0.6646484136581421 0.6275238990783691 0.06339067220687866 0.22744017839431763
8 0.6149531602859497 0.6214115023612976 0.09674996137619019 0.24856463074684143
8 0.5380625128746033 0.6842344403266907 0.09075000882148743 0.3374640941619873
8 0.4583671987056732 0.6965789198875427 0.07704687118530273 0.4338277280330658
8 0.3918749988079071 0.7404425740242004 0.0821874737739563 0.44270336627960205
8 0.32725781202316284 0.6430502533912659 0.03960937261581421 0.23983252048492432
8 0.29316407442092896 0.756004810333252 0.09164062142372131 0.48799043893814087
8 0.16181249916553497 0.7916626930236816 0.13828125596046448 0.39413875341415405
6 0.5356405973434448 0.8896052837371826 0.06615620851516724 0.2179664969444275
0 0.05167187750339508 0.7808372974395752 0.0937812477350235 0.43832534551620483
3 0.23203124105930328 0.6148325204849243 0.06093749403953552 0.10047847032546997
