3 0.5075937509536743 0.785895824432373 0.1993750035762787 0.26745831966400146
0 0.7873516082763672 0.908916711807251 0.07842189073562622 0.18033331632614136
0 0.8043047189712524 0.8489166498184204 0.029546916484832764 0.06345832347869873
0 0.13120311498641968 0.9060416221618652 0.05721874535083771 0.1653333306312561
0 0.6870703101158142 0.8152812719345093 0.019953131675720215 0.054770827293395996
0 0.021992186084389687 0.9078541994094849 0.03789062425494194 0.1784166693687439
6 0.045890625566244125 0.9241354465484619 0.04631250351667404 0.1378125548362732
0 0.6316562294960022 0.826802134513855 0.014093756675720215 0.055354177951812744
0 0.8865859508514404 0.8692916631698608 0.04270315170288086 0.16495835781097412
1 0.16139063239097595 0.8554896116256714 0.12334375083446503 0.10989588499069214
1 0.3416406512260437 0.8438541889190674 0.041624993085861206 0.05125004053115845
1 0.7179921865463257 0.8196771144866943 0.026921868324279785 0.05814582109451294
1 0.952328085899353 0.8670833110809326 0.09534376859664917 0.09925001859664917
1 0.07585155963897705 0.8885208368301392 0.09673437476158142 0.11929166316986084
1 0.6438359618186951 0.8073749542236328 0.04667186737060547 0.04454165697097778
0 0.7506172060966492 0.9665208458900452 0.09485936164855957 0.06695830821990967
0 0.74609375 0.856249988079071 0.05156254768371582 0.10000002384185791
1 0.42578125 0.8687499761581421 0.11093747615814209 0.15000003576278687
1 0.23359374701976776 0.8729166984558105 0.13593748211860657 0.16249996423721313
0 0.6734374761581421 0.9739583134651184 0.06562501192092896 0.04791665077209473
2 0.87890625 0.8114583492279053 0.08281254768371582 0.06041663885116577
