1 0.42493748664855957 0.5755821466445923 0.07693752646446228 0.06309771537780762
10 0.21364843845367432 0.6190956234931946 0.42054688930511475 0.4157380759716034
10 0.44880467653274536 0.5408627986907959 0.07914063334465027 0.09058213233947754
1 0.7878828048706055 0.6370998024940491 0.18879687786102295 0.18492722511291504
0 0.5622734427452087 0.5552494525909424 0.04245316982269287 0.045675694942474365
0 0.5868984460830688 0.5511226654052734 0.020359396934509277 0.03725576400756836
1 0.6027578115463257 0.5471205711364746 0.026015639305114746 0.03149688243865967
1 0.6170859336853027 0.5458419919013977 0.017578125 0.025821208953857422
1 0.6888672113418579 0.5448024868965149 0.02048438787460327 0.02145528793334961
1 0.5111484527587891 0.5630665421485901 0.05826559662818909 0.04983365535736084
1 0.7078046798706055 0.5430248975753784 0.019640624523162842 0.013866961002349854
1 0.5 0.9054054021835327 0.9968750476837158 0.18503117561340332
