5 0.48375001549720764 0.90625 0.22750002145767212 0.18250000476837158
9 0.32625001668930054 0.7287499904632568 0.0925000011920929 0.17750000953674316
9 0.2162500023841858 0.7649999856948853 0.10750001668930054 0.10500001907348633
9 0.10875000059604645 0.675000011920929 0.06749999523162842 0.10500001907348633
9 0.18250000476837158 0.6575000286102295 0.06499999761581421 0.1199999451637268
9 0.12250000238418579 0.7587499618530273 0.10499999672174454 0.08250004053115845
9 0.23375000059604645 0.6749999523162842 0.08250001072883606 0.07499998807907104
9 0.29500001668930054 0.6475000381469727 0.03999999165534973 0.06499999761581421
9 0.39250001311302185 0.6725000143051147 0.06000000238418579 0.0899999737739563
9 0.4362500011920929 0.6412500143051147 0.04250001907348633 0.07749998569488525
9 0.35624998807907104 0.6200000047683716 0.032499998807907104 0.06000000238418579
0 0.45875000953674316 0.5600000023841858 0.04249998927116394 0.08500003814697266
0 0.5062500238418579 0.5774999856948853 0.03249996900558472 0.10000002384185791
0 0.6825000047683716 0.6175000071525574 0.04499995708465576 0.1549999713897705
0 0.625 0.5487499833106995 0.04499995708465576 0.07749998569488525
0 0.9162499904632568 0.8100000023841858 0.15250003337860107 0.3500000238418579
9 0.7549999952316284 0.5774999856948853 0.034999966621398926 0.04000002145767212
0 0.8050000071525574 0.5774999856948853 0.039999961853027344 0.050000011920928955
9 0.7849999666213989 0.6274999976158142 0.050000011920928955 0.08000004291534424
0 0.8362500071525574 0.7099999785423279 0.08749997615814209 0.24000000953674316
9 0.9650000333786011 0.6162500381469727 0.06999999284744263 0.14249998331069946
9 0.9162499904632568 0.5887500047683716 0.047500014305114746 0.07249999046325684
9 0.8662500381469727 0.5562499761581421 0.037499964237213135 0.03249996900558472
