0 0.14249999821186066 0.7150000333786011 0.10499998927116394 0.26500004529953003
0 0.26749998331069946 0.7099999785423279 0.09999999403953552 0.23500001430511475
0 0.3712500035762787 0.7599999904632568 0.11750000715255737 0.26999998092651367
0 0.4762499928474426 0.6962500214576721 0.07749998569488525 0.1875
0 0.6037499904632568 0.6612499952316284 0.08249998092651367 0.16750001907348633
8 0.33375000953674316 0.6625000238418579 0.0625 0.17500001192092896
0 0.4312499761581421 0.6212500333786011 0.04249998927116394 0.1524999737739563
0 0.5037499666213989 0.6062500476837158 0.04749998450279236 0.11750000715255737
0 0.59375 0.5774999856948853 0.03250002861022949 0.04500001668930054
0 0.6599999666213989 0.6324999928474426 0.050000011920928955 0.14499998092651367
0 0.7587500214576721 0.6287499666213989 0.05750000476837158 0.13749998807907104
0 0.7337499856948853 0.5737500190734863 0.0274999737739563 0.06749999523162842
0 0.8537499904632568 0.5824999809265137 0.04250001907348633 0.08499997854232788
0 0.9237499833106995 0.5762500166893005 0.047500014305114746 0.08249998092651367
0 0.8837499618530273 0.5612499713897705 0.02249997854232788 0.05749994516372681
0 0.125 0.5562499761581421 0.025000005960464478 0.04249995946884155
