2 0.6461796760559082 0.6927812099456787 0.15764063596725464 0.14918750524520874
8 0.5444687604904175 0.729312539100647 0.021812498569488525 0.04249995946884155
8 0.5279843807220459 0.7077812552452087 0.017906248569488525 0.0806041955947876
8 0.5710625052452087 0.7092083692550659 0.014999985694885254 0.07750004529953003
10 0.3903828263282776 0.6866458058357239 0.21860936284065247 0.14474999904632568
1 0.1716640591621399 0.7193437814712524 0.21520310640335083 0.09406250715255737
8 0.5405781269073486 0.6878958344459534 0.018593788146972656 0.04529166221618652
8 0.5126640796661377 0.6970729231834412 0.011953115463256836 0.05931246280670166
8 0.5032890439033508 0.7100000381469727 0.010828107595443726 0.08100003004074097
2 0.9447031021118164 0.7105937600135803 0.11059373617172241 0.12235414981842041
0 0.8073046803474426 0.699833333492279 0.014359354972839355 0.08133327960968018
