1 0.19391405582427979 0.6389578580856323 0.09689061343669891 0.12676817178726196
4 0.5603281259536743 0.6103630065917969 0.08359372615814209 0.20358312129974365
4 0.6194062232971191 0.6205386519432068 0.10571879148483276 0.2014988660812378
4 0.6953125 0.618653416633606 0.0716249942779541 0.19346600770950317
4 0.7425312995910645 0.5901990532875061 0.09862500429153442 0.2743091285228729
4 0.8510000109672546 0.5676463842391968 0.1783750057220459 0.3371662497520447
4 0.9376015663146973 0.6206791400909424 0.12195312976837158 0.2633255422115326
4 0.7622656226158142 0.6487119197845459 0.0758124589920044 0.17461353540420532
0 0.344851553440094 0.6064051389694214 0.050453126430511475 0.18812644481658936
7 0.28437501192092896 0.4906323254108429 0.1875000149011612 0.8313817381858826
