1 0.5859375 0.42942488193511963 0.046875 0.06133800745010376
0 0.10460156202316284 0.41009390354156494 0.020921871066093445 0.11469483375549316
0 0.1242968738079071 0.41065728664398193 0.023093752562999725 0.10826292634010315
1 0.9576250314712524 0.4399765133857727 0.0288124680519104 0.034460097551345825
1 0.63671875 0.43192487955093384 0.08281254768371582 0.07042253017425537
5 0.1875 0.4119718372821808 0.015625 0.07276993989944458
5 0.27265626192092896 0.42136150598526 0.029687494039535522 0.11971831321716309
5 0.2875000238418579 0.4248826503753662 0.025000005960464478 0.11267605423927307
5 0.3492187559604645 0.42136150598526 0.026562511920928955 0.11971831321716309
0 0.515625 0.4248826503753662 0.03125 0.11267605423927307
10 0.688281238079071 0.4119718074798584 0.07968747615814209 0.03990611433982849
5 0.8335937261581421 0.4906103312969208 0.12343746423721313 0.35211271047592163
5 0.44218748807907104 0.43661969900131226 0.04375001788139343 0.17370888590812683
1 0.4046874940395355 0.4248826503753662 0.012499988079071045 0.06103286147117615
