0 0.11250000447034836 0.7737500071525574 0.14000000059604645 0.30250000953674316
0 0.2212499976158142 0.768750011920929 0.07749998569488525 0.29250001907348633
0 0.1837500035762787 0.7200000286102295 0.06749999523162842 0.23499995470046997
0 0.26499998569488525 0.7250000238418579 0.03999999165534973 0.2149999737739563
0 0.7912499904632568 0.6775000095367432 0.12250000238418579 0.19999998807907104
0 0.7074999809265137 0.6287499666213989 0.11000001430511475 0.14749997854232788
0 0.4124999940395355 0.550000011920929 0.06000000238418579 0.09500002861022949
3 0.17999999225139618 0.518750011920929 0.35499998927116394 0.2474999725818634
3 0.35374999046325684 0.512499988079071 0.05750000476837158 0.0949999988079071
9 0.90625 0.5774999856948853 0.022500038146972656 0.0350000262260437
