10 0.8359296917915344 0.5080327987670898 0.17560935020446777 0.2998126745223999
10 0.33213281631469727 0.5561241507530212 0.09507811069488525 0.15463700890541077
10 0.02519531175494194 0.544039785861969 0.05039062350988388 0.17290398478507996
0 0.8876640796661377 0.21826697885990143 0.010796844959259033 0.031053870916366577
1 0.5468358993530273 0.8498243689537048 0.13901561498641968 0.182084321975708
1 0.3289843797683716 0.697845458984375 0.11262500286102295 0.1455269455909729
2 0.42674219608306885 0.6113349199295044 0.10642185807228088 0.15447306632995605
1 0.6225625276565552 0.5834894776344299 0.032031238079071045 0.09213113784790039
10 0.7000468969345093 0.5776815414428711 0.07728123664855957 0.109508216381073
1 0.7278203368186951 0.5953630208969116 0.03926563262939453 0.09049183130264282
2 0.9153749942779541 0.664847731590271 0.11021876335144043 0.18810302019119263
1 0.5893906354904175 0.5208781957626343 0.048406243324279785 0.07421547174453735
2 0.9884452819824219 0.7765456438064575 0.023109376430511475 0.20985949039459229
1 0.03789062425494194 0.9111007452011108 0.07578124850988388 0.14814990758895874
1 0.6337265968322754 0.21826697885990143 0.04032808542251587 0.03320842981338501
1 0.6757968664169312 0.21644029021263123 0.04653126001358032 0.034285709261894226
0 0.8237109184265137 0.2105269432067871 0.010328114032745361 0.03983606398105621
1 0.5716953277587891 0.48689699172973633 0.04789060354232788 0.052201420068740845
4 0.3109374940395355 0.8067915439605713 0.06562501192092896 0.1709601879119873
