1 0.47755467891693115 0.7814062833786011 0.1478593349456787 0.17364579439163208
1 0.0986015647649765 0.858302116394043 0.197203129529953 0.27910417318344116
1 0.5336874723434448 0.7286041975021362 0.041468799114227295 0.057750046253204346
5 0.6725624799728394 0.7725625038146973 0.05028122663497925 0.10058331489562988
0 0.6352499723434448 0.710770845413208 0.021406233310699463 0.02804166078567505
5 0.16971874237060547 0.7730103731155396 0.03800000250339508 0.14902085065841675
5 0.31485939025878906 0.7373958826065063 0.02471873164176941 0.09187501668930054
0 0.8974765539169312 0.7990208268165588 0.03264063596725464 0.13912498950958252
0 0.695492148399353 0.7009687423706055 0.02704685926437378 0.050270795822143555
1 0.5608437061309814 0.73046875 0.016156256198883057 0.03460419178009033
5 0.11800780892372131 0.731124997138977 0.04082813113927841 0.053333282470703125
0 0.5962265729904175 0.710687518119812 0.010921895503997803 0.013833343982696533
1 0.4172656238079071 0.7344791889190674 0.015593767166137695 0.02533334493637085
10 0.7875000238418579 0.8229166865348816 0.21875 0.25833332538604736
1 0.3226562440395355 0.734375 0.1171875 0.05624997615814209
0 0.3968749940395355 0.734375 0.015625 0.052083373069763184
