1 0.12247656285762787 0.7026110887527466 0.24254688620567322 0.21505552530288696
1 0.36747655272483826 0.6646527647972107 0.13920313119888306 0.1330277919769287
3 0.7145702838897705 0.49727779626846313 0.3517969250679016 0.9016110897064209
0 0.9447422027587891 0.7470277547836304 0.05945312976837158 0.32555556297302246
0 0.9780937433242798 0.6971389055252075 0.03956246376037598 0.23133331537246704
0 0.8818281292915344 0.6906805634498596 0.03299999237060547 0.21247220039367676
3 0.3138046860694885 0.5604860782623291 0.1672968864440918 0.23330554366111755
0 0.048429686576128006 0.5901944637298584 0.017390623688697815 0.05716663599014282
0 0.9101250171661377 0.7050971984863281 0.034531235694885254 0.24041670560836792
0 0.08260156214237213 0.5865277647972107 0.022984370589256287 0.040833353996276855
0 0.9805468916893005 0.6135416626930237 0.01718747615814209 0.05308330059051514
0 0.20937499403953552 0.6152777671813965 0.024999991059303284 0.08611112833023071
3 0.4710937738418579 0.5611110925674438 0.1484375298023224 0.22777777910232544
