9 0.6506093740463257 0.5998646020889282 0.013343751430511475 0.027562499046325684
9 0.6257578134536743 0.6190937757492065 0.041828155517578125 0.0756874680519104
0 0.9848593473434448 0.5901979207992554 0.030281245708465576 0.06735420227050781
0 0.18803125619888306 0.6006145477294922 0.016374990344047546 0.03956252336502075
0 0.18060937523841858 0.600656270980835 0.009124994277954102 0.046395838260650635
9 0.1541484296321869 0.6031458377838135 0.01082812249660492 0.013291716575622559
9 0.14244531095027924 0.6127707958221436 0.010453134775161743 0.03658336400985718
1 0.919851541519165 0.582895815372467 0.04789060354232788 0.046249985694885254
0 0.9703124761581421 0.5897707939147949 0.01818746328353882 0.0587499737739563
1 0.9580312371253967 0.5695937871932983 0.02493751049041748 0.026187479496002197
1 0.8550468683242798 0.5717187523841858 0.05449998378753662 0.031104207038879395
0 0.28101563453674316 0.5896979570388794 0.010468751192092896 0.03285413980484009
1 0.7610546350479126 0.5661250352859497 0.02073436975479126 0.015583336353302002
9 0.4585937559604645 0.6645833253860474 0.0703125 0.13749998807907104
5 0.7953125238418579 0.6354166269302368 0.053124964237213135 0.18333333730697632
0 0.4046875238418579 0.5697916746139526 0.0062499940395355225 0.022916674613952637
0 0.3999999761581421 0.5708333253860474 0.0062499940395355225 0.02499997615814209
0 0.88671875 0.5739583373069763 0.01093745231628418 0.03958332538604736
0 0.94140625 0.5625 0.01093745231628418 0.02499997615814209
1 0.8304687738418579 0.5635416507720947 0.0390625 0.022916674613952637
1 0.8937499523162842 0.5614583492279053 0.050000011920928955 0.022916674613952637
