0 0.03500000014901161 0.6162500381469727 0.03999999910593033 0.10750001668930054
0 0.18250000476837158 0.5700000524520874 0.030000001192092896 0.06999999284744263
0 0.2512499988079071 0.5687500238418579 0.022499993443489075 0.06749999523162842
0 0.512499988079071 0.6225000023841858 0.09000000357627869 0.10500001907348633
1 0.6862499713897705 0.5225000381469727 0.02249997854232788 0.020000040531158447
0 0.6437499523162842 0.5425000190734863 0.017499983310699463 0.06000000238418579
0 0.7287499904632568 0.5462499856948853 0.017499983310699463 0.04250001907348633
0 0.8237500190734863 0.5887500047683716 0.037499964237213135 0.09249997138977051
0 0.7699999809265137 0.5299999713897705 0.014999985694885254 0.0350000262260437
0 0.8725000023841858 0.5962499976158142 0.04499995708465576 0.10749995708465576
0 0.8987500071525574 0.5412499904632568 0.022500038146972656 0.052500009536743164
0 0.9462499618530273 0.5687500238418579 0.037499964237213135 0.08250004053115845
0 0.981249988079071 0.5637500286102295 0.03250002861022949 0.0675000548362732
0 0.39499998092651367 0.5774999856948853 0.034999996423721313 0.07999998331069946
0 0.4287499785423279 0.5750000476837158 0.027500003576278687 0.06999999284744263
