0 0.1262499988079071 0.5899999737739563 0.027500003576278687 0.12000000476837158
0 0.8974999785423279 0.7962499856948853 0.125 0.2875000238418579
0 0.8925000429153442 0.6225000023841858 0.07499998807907104 0.11000001430511475
0 0.7762500047683716 0.7049999833106995 0.13249999284744263 0.24500000476837158
0 0.5837500095367432 0.6875 0.10750001668930054 0.24000000953674316
0 0.23875001072883606 0.6212500333786011 0.057500019669532776 0.16249996423721313
0 0.2887499928474426 0.6050000190734863 0.04249998927116394 0.12000000476837158
0 0.3462499976158142 0.6037499904632568 0.06749999523162842 0.12250000238418579
0 0.45875000953674316 0.7437499761581421 0.17750000953674316 0.29749995470046997
0 0.6749999523162842 0.8075000047683716 0.16500002145767212 0.3799999952316284
0 0.6800000071525574 0.6362500190734863 0.10500001907348633 0.12250000238418579
