1 0.056382812559604645 0.530677080154419 0.08120311796665192 0.09439584612846375
0 0.5614687204360962 0.5580103993415833 0.06746870279312134 0.24406251311302185
5 0.7179999947547913 0.6989583373069763 0.15162503719329834 0.5229166746139526
1 0.3349218964576721 0.44854167103767395 0.042906254529953 0.02324998378753662
0 0.7777187824249268 0.4712499976158142 0.03296869993209839 0.09916666150093079
0 0.5204296708106995 0.5311874747276306 0.04267188906669617 0.164083331823349
6 0.5156328082084656 0.5846041440963745 0.04045310616493225 0.15412503480911255
0 0.6746718883514404 0.43818747997283936 0.006874978542327881 0.0325416624546051
1 0.5180468559265137 0.441739559173584 0.028906285762786865 0.027854174375534058
1 0.4009453058242798 0.44840624928474426 0.030015617609024048 0.017812490463256836
1 0.37165623903274536 0.4462916851043701 0.04150000214576721 0.024541646242141724
1 0.860851526260376 0.39657288789749146 0.03267186880111694 0.02631250023841858
1 0.782882809638977 0.42621874809265137 0.03385937213897705 0.010187506675720215
1 0.8366405963897705 0.3999583125114441 0.020687520503997803 0.021041661500930786
0 0.2415781319141388 0.4559687376022339 0.00562499463558197 0.013812512159347534
1 0.33906251192092896 0.5416666269302368 0.328125 0.13749998807907104
0 0.28203123807907104 0.6208333373069763 0.09218749403953552 0.2875000238418579
5 0.38749998807907104 0.7395833134651184 0.25 0.5166666507720947
1 0.2906249761581421 0.4593749940395355 0.07187500596046448 0.04791665077209473
1 0.171875 0.4593749940395355 0.06874999403953552 0.022916674613952637
0 0.25 0.4541666507720947 0.006250008940696716 0.016666680574417114
1 0.4820312559604645 0.4427083432674408 0.057812511920928955 0.03125
