1 0.2601093649864197 0.6629375219345093 0.2670937478542328 0.2067916989326477
2 0.24774999916553497 0.44846874475479126 0.3505624830722809 0.45168745517730713
3 0.588687539100647 0.4819791913032532 0.4037187695503235 0.8355833292007446
0 0.9362187385559082 0.5954478979110718 0.04343748092651367 0.179645836353302
0 0.8595312833786011 0.48740625381469727 0.03178125619888306 0.07239583134651184
0 0.8554608821868896 0.5775312781333923 0.05979686975479126 0.17327085137367249
0 0.8366718888282776 0.5157604217529297 0.030437469482421875 0.09218752384185791
0 0.9510703086853027 0.5182291269302368 0.02129685878753662 0.05033332109451294
0 0.5397734642028809 0.49284374713897705 0.060421884059906006 0.07160413265228271
0 0.8166484236717224 0.5746041536331177 0.034015655517578125 0.16745835542678833
0 0.9686875343322754 0.5734583139419556 0.04156249761581421 0.15675002336502075
0 0.9078124761581421 0.5833333730697632 0.043749988079071045 0.16249996423721313
0 0.90625 0.5218749642372131 0.03750002384185791 0.07708331942558289
0 0.93359375 0.5072916746139526 0.01718747615814209 0.03958332538604736
0 0.8171875476837158 0.49687498807907104 0.034375011920928955 0.04375001788139343
