0 0.4543828070163727 0.30122917890548706 0.19626563787460327 0.5982916355133057
9 0.2317187488079071 0.2789479196071625 0.07746875286102295 0.1107291579246521
0 0.16529688239097595 0.2822708189487457 0.0571875125169754 0.17991666495800018
9 0.03134375065565109 0.30928125977516174 0.050562500953674316 0.1353958398103714
0 0.9693750143051147 0.1797187477350235 0.06124997138977051 0.26260414719581604
9 0.30107030272483826 0.2745104134082794 0.04382812976837158 0.08285415172576904
0 0.5246484279632568 0.23846876621246338 0.02289062738418579 0.08272917568683624
9 0.08553124964237213 0.2982291579246521 0.05693750083446503 0.1405833214521408
9 0.4978749752044678 0.2487500011920929 0.026187509298324585 0.07195831835269928
9 0.3187500238418579 0.2666666507720947 0.03749999403953552 0.0833333432674408
1 0.745312511920929 0.23020833730697632 0.03750002384185791 0.010416671633720398
0 0.48124998807907104 0.24895833432674408 0.018749982118606567 0.0729166567325592
