1 0.5699999928474426 0.8423423767089844 0.46399998664855957 0.315315306186676
1 0.16610001027584076 0.8560360670089722 0.331959992647171 0.24888890981674194
1 0.37233999371528625 0.7748648524284363 0.21876001358032227 0.1249849796295166
1 0.9452800154685974 0.7351801991462708 0.08832001686096191 0.08795797824859619
1 0.9220899939537048 0.7468918561935425 0.08809995651245117 0.12183183431625366
0 0.2611199915409088 0.7470120191574097 0.036519989371299744 0.1277778148651123
0 0.23193000257015228 0.7434834837913513 0.0415399968624115 0.13003003597259521
1 0.9787399768829346 0.7272672653198242 0.042519986629486084 0.07033038139343262
0 0.18116000294685364 0.7300900816917419 0.019759997725486755 0.09147143363952637
0 0.0723399966955185 0.7007057070732117 0.034040000289678574 0.07534539699554443
1 0.812999963760376 0.7657657861709595 0.17800003290176392 0.24624627828598022
10 0.6829999685287476 0.6846846342086792 0.17800003290176392 0.120120108127594
