1 0.12656250596046448 0.7887939214706421 0.25312501192092896 0.33636999130249023
1 0.28379687666893005 0.737400472164154 0.04581248760223389 0.1571897268295288
1 0.742367148399353 0.6874589920043945 0.03917187452316284 0.09744733572006226
2 0.7739765644073486 0.6555620431900024 0.05229687690734863 0.07899296283721924
3 0.5052655935287476 0.49887585639953613 0.4437812268733978 0.9258548021316528
0 0.9031875133514404 0.6823419332504272 0.039781272411346436 0.19887590408325195
0 0.941656231880188 0.7671194076538086 0.06371873617172241 0.3410772681236267
0 0.9737734198570251 0.6247307062149048 0.031859397888183594 0.0664636492729187
0 0.9825312495231628 0.5981850028038025 0.019968748092651367 0.06199061870574951
0 0.793749988079071 0.8161592483520508 0.04062497615814209 0.3629976511001587
0 0.9734375476837158 0.7740046977996826 0.050000011920928955 0.3817330002784729
0 0.9281250238418579 0.6229507923126221 0.034375011920928955 0.07025760412216187
0 0.913281261920929 0.6053863763809204 0.0234375 0.03981262445449829
0 0.25703126192092896 0.6955503225326538 0.014062494039535522 0.05620604753494263
0 0.24062499403953552 0.6920374631881714 0.012500002980232239 0.05386418104171753
