0 0.13249999284744263 0.6575000286102295 0.07500000298023224 0.17000001668930054
0 0.0625 0.6237499713897705 0.04500000178813934 0.12250000238418579
0 0.16875000298023224 0.5962499976158142 0.03749999403953552 0.1174999475479126
0 0.24000000953674316 0.6025000214576721 0.05500000715255737 0.11500000953674316
4 0.7124999761581421 0.5912500023841858 0.06499999761581421 0.08249998092651367
4 0.9087499976158142 0.6549999713897705 0.10249996185302734 0.17000001668930054
4 0.9750000238418579 0.7012499570846558 0.050000011920928955 0.15749996900558472
4 0.8337500095367432 0.6474999785423279 0.0625 0.11500000953674316
4 0.7875000238418579 0.6287499666213989 0.050000011920928955 0.11250001192092896
4 0.7524999976158142 0.6200000047683716 0.034999966621398926 0.08500003814697266
0 0.8199999928474426 0.5387499928474426 0.02499997615814209 0.05750000476837158
0 0.7387499809265137 0.5375000238418579 0.02249997854232788 0.04500001668930054
1 0.6200000047683716 0.5375000238418579 0.09000003337860107 0.0350000262260437
1 0.38875001668930054 0.5249999761581421 0.04749998450279236 0.0350000262260437
0 0.2850000262260437 0.5587500333786011 0.030000001192092896 0.07250005006790161
