2 0.9735937118530273 0.5825833082199097 0.05281251668930054 0.19325000047683716
0 0.22873437404632568 0.5516771078109741 0.039562493562698364 0.19556251168251038
0 0.13807031512260437 0.4723437428474426 0.015640616416931152 0.06356251239776611
0 0.11088281124830246 0.46947917342185974 0.03167186677455902 0.0651666522026062
0 0.934765636920929 0.5042604207992554 0.018281221389770508 0.08381250500679016
0 0.9934062361717224 0.4697812497615814 0.013187527656555176 0.018354177474975586
0 0.9543437361717224 0.5058020949363708 0.021531224250793457 0.08610418438911438
0 0.9762109518051147 0.47084373235702515 0.014390647411346436 0.018604189157485962
0 0.9334843754768372 0.4636250138282776 0.020624995231628418 0.0337500274181366
0 0.163273423910141 0.4585624933242798 0.010984376072883606 0.05750000476837158
2 0.03984374925494194 0.45104166865348816 0.07656250149011612 0.06875002384185791
