0 0.1537500023841858 0.5600000023841858 0.03749999403953552 0.07500004768371582
0 0.26499998569488525 0.6000000238418579 0.05499999225139618 0.13499999046325684
0 0.3675000071525574 0.59375 0.050000011920928955 0.12750005722045898
0 0.7050000429153442 0.5687500238418579 0.04500001668930054 0.09250003099441528
0 0.737500011920929 0.5550000071525574 0.034999966621398926 0.09000003337860107
0 0.5625 0.543749988079071 0.039999961853027344 0.0625
0 0.59375 0.5425000190734863 0.027500033378601074 0.06499999761581421
0 0.4912499785423279 0.5399999618530273 0.052499979734420776 0.06499999761581421
0 0.6512500047683716 0.5387499928474426 0.01750004291534424 0.05750000476837158
0 0.6212500333786011 0.5299999713897705 0.017499983310699463 0.050000011920928955
