8 0.7237499952316284 0.8524999618530273 0.15250003337860107 0.2900000214576721
8 0.6200000047683716 0.8350000381469727 0.10000002384185791 0.32499998807907104
8 0.5375000238418579 0.7862499952316284 0.09999996423721313 0.29750001430511475
8 0.45749998092651367 0.7425000071525574 0.0949999988079071 0.26499998569488525
8 0.6475000381469727 0.6787500381469727 0.06000000238418579 0.08250004053115845
0 0.32875001430511475 0.7712500095367432 0.11749997735023499 0.27250003814697266
0 0.23874999582767487 0.7562500238418579 0.0925000011920929 0.29249995946884155
0 0.3812499940395355 0.6887500286102295 0.047500014305114746 0.1524999737739563
0 0.3050000071525574 0.6437499523162842 0.0949999988079071 0.1274999976158142
0 0.41624999046325684 0.5987499952316284 0.0625 0.09249997138977051
0 0.46875 0.5874999761581421 0.04250001907348633 0.06499999761581421
0 0.19625000655651093 0.6512500047683716 0.0625 0.1274999976158142
0 0.13875000178813934 0.6075000166893005 0.04249999672174454 0.13999998569488525
0 0.05000000074505806 0.625 0.08500000089406967 0.14499998092651367
0 0.29124999046325684 0.5774999856948853 0.032499998807907104 0.07499998807907104
0 0.021250000223517418 0.6737500429153442 0.042500000447034836 0.15749996900558472
