1 0.5 0.5577396154403687 1.0 0.6269791722297668
3 0.3328593969345093 0.21979166567325592 0.35225000977516174 0.19374999403953552
3 0.04307812452316284 0.19707290828227997 0.08615624904632568 0.22297915816307068
0 0.20270311832427979 0.339927077293396 0.09578125178813934 0.1354791522026062
0 0.4107968807220459 0.24836458265781403 0.04150000214576721 0.07472917437553406
0 0.872195303440094 0.15955208241939545 0.05898439884185791 0.08089583367109299
0 0.3174531161785126 0.25169792771339417 0.054906249046325684 0.11489583551883698
0 0.03563281521201134 0.3193437457084656 0.0697031244635582 0.15193748474121094
0 0.2695625126361847 0.29388540983200073 0.04853124916553497 0.09031251072883606
0 0.45869532227516174 0.23583334684371948 0.03373438119888306 0.07091666758060455
0 0.5367187261581421 0.1875 0.11093753576278687 0.1458333134651184
0 0.07187499850988388 0.35729166865348816 0.11249999701976776 0.11874997615814209
0 0.73828125 0.20937499403953552 0.1015625 0.08124999701976776
