1 0.9238300323486328 0.34873735904693604 0.1479000449180603 0.2529090940952301
0 0.041850000619888306 0.3172626197338104 0.028140000998973846 0.10498988628387451
0 0.14388999342918396 0.3002222180366516 0.024299994111061096 0.07701009511947632
0 0.16120000183582306 0.3125050663948059 0.03832000494003296 0.11414143443107605
0 0.08634999394416809 0.3114747405052185 0.044179998338222504 0.10577777028083801
0 0.22032999992370605 0.3212525248527527 0.04537999629974365 0.10109090805053711
0 0.12384000420570374 0.31774747371673584 0.039559997618198395 0.10175758600234985
0 0.19113999605178833 0.3199595808982849 0.024279996752738953 0.0896969735622406
0 0.07000000029802322 0.3095555603504181 0.022520001977682114 0.08230304718017578
1 0.4873200058937073 0.2881110906600952 0.052520036697387695 0.028424233198165894
1 0.4254699945449829 0.28863638639450073 0.023539990186691284 0.029313117265701294
1 0.41193002462387085 0.2859494686126709 0.03301998972892761 0.024787873029708862
0 0.10489000380039215 0.28470706939697266 0.014140002429485321 0.04836362600326538
1 0.7438399791717529 0.30190908908843994 0.06775999069213867 0.04692929983139038
1 0.630370020866394 0.30376768112182617 0.10478001832962036 0.05444443225860596
1 0.3019300103187561 0.291454553604126 0.03181999921798706 0.02828282117843628
4 0.7879999876022339 0.42626264691352844 0.36400002241134644 0.3797979950904846
5 0.5119999647140503 0.3373737335205078 0.171999990940094 0.23434345424175262
2 0.6389999985694885 0.2818181812763214 0.09000003337860107 0.0383838415145874
