1 0.6309218406677246 0.4701291024684906 0.07806247472763062 0.06218308210372925
1 0.6622109413146973 0.44644367694854736 0.040859341621398926 0.035798102617263794
0 0.020078124478459358 0.4250938892364502 0.040156248956918716 0.34840378165245056
5 0.78125 0.5 0.08437502384185791 0.248826265335083
1 0.5812499523162842 0.4612675905227661 0.050000011920928955 0.05868545174598694
5 0.5171874761581421 0.48239436745643616 0.043749988079071045 0.14319247007369995
0 0.10234375298023224 0.4495304822921753 0.03593749552965164 0.11502346396446228
5 0.15859374403953552 0.4542253613471985 0.017187491059303284 0.06807512044906616
5 0.12343749403953552 0.4542253613471985 0.015624992549419403 0.06338027119636536
5 0.1953125 0.4542253613471985 0.025000005960464478 0.11032867431640625
5 0.26953125 0.4624413251876831 0.026562511920928955 0.10328638553619385
5 0.31171876192092896 0.4671361446380615 0.03593751788139343 0.11737087368965149
5 0.35624998807907104 0.46948355436325073 0.03749999403953552 0.12206575274467468
5 0.3890624940395355 0.47183099389076233 0.034375011920928955 0.14553993940353394
5 0.4609375 0.48122066259384155 0.04062497615814209 0.14553990960121155
5 0.2906250059604645 0.47300469875335693 0.018750011920928955 0.09154927730560303
5 0.2515625059604645 0.4612675905227661 0.015625 0.08685445785522461
5 0.2109375 0.4600938856601715 0.018750011920928955 0.0845070481300354
