9 0.10499999672174454 0.6649999618530273 0.08499999344348907 0.09999996423721313
9 0.14624999463558197 0.6225000023841858 0.05250000208616257 0.04499995708465576
9 0.019999999552965164 0.6237499713897705 0.03999999910593033 0.05749994516372681
9 0.2862499952316284 0.6612499952316284 0.052500009536743164 0.11750000715255737
9 0.34375 0.6462500095367432 0.052500009536743164 0.10249996185302734
9 0.3087500035762787 0.6174999475479126 0.047500014305114746 0.06499999761581421
0 0.4925000071525574 0.6100000143051147 0.034999996423721313 0.125
0 0.5275000333786011 0.6637499928474426 0.06000000238418579 0.2124999761581421
0 0.5637500286102295 0.6612499952316284 0.05249994993209839 0.19249999523162842
4 0.8012499809265137 0.7637499570846558 0.14749997854232788 0.2774999737739563
0 0.9674999713897705 0.6899999976158142 0.06000000238418579 0.20000004768371582
