1 0.04193750023841858 0.7764973640441895 0.08387500047683716 0.22825521230697632
1 0.16553905606269836 0.7182552218437195 0.09398438036441803 0.11453127861022949
1 0.06602343916893005 0.6710547208786011 0.04989062622189522 0.05763024091720581
1 0.9728828072547913 0.7408723831176758 0.05423438549041748 0.16627603769302368
2 0.1567109376192093 0.6520312428474426 0.07207813113927841 0.07208335399627686
3 0.5096640586853027 0.5272005200386047 0.5851719379425049 0.6955989599227905
0 0.8886171579360962 0.6387109160423279 0.03064066171646118 0.06606769561767578
0 0.9121327996253967 0.7191015481948853 0.04989063739776611 0.2337239384651184
0 0.8499844074249268 0.6896353960037231 0.021624982357025146 0.1680728793144226
0 0.9528437852859497 0.6822395324707031 0.04743748903274536 0.1928125023841858
2 0.09195312857627869 0.6523046493530273 0.06490624696016312 0.07747393846511841
0 0.832812488079071 0.6927083730697632 0.04062497615814209 0.1927083134651184
0 0.800000011920929 0.69140625 0.02499997615814209 0.1953125
0 0.03359375149011612 0.6419270634651184 0.02968749776482582 0.0390625
