1 0.5197421908378601 0.6855217218399048 0.0539531409740448 0.06352174282073975
0 0.6524531245231628 0.7048695683479309 0.035249948501586914 0.10713040828704834
0 0.32242971658706665 0.6825652122497559 0.014484375715255737 0.06073915958404541
0 0.35835158824920654 0.6813151836395264 0.012859374284744263 0.051934778690338135
0 0.2866171896457672 0.6926087141036987 0.022609353065490723 0.053086936473846436
0 0.5708203315734863 0.6833586692810059 0.013359367847442627 0.0640217661857605
1 0.4726875126361847 0.6796413064002991 0.028218746185302734 0.027239084243774414
0 0.9575155973434448 0.7272391319274902 0.06515628099441528 0.18365216255187988
0 0.07343749701976776 0.731521725654602 0.08749999850988388 0.1934782862663269
0 0.7117187976837158 0.699999988079071 0.042187511920928955 0.104347825050354
