2 0.14355207979679108 0.5407500267028809 0.2826875150203705 0.15418750047683716
1 0.8201562166213989 0.5230312347412109 0.35343748331069946 0.12324997782707214
1 0.5016875267028809 0.5739609003067017 0.5132916569709778 0.1635468602180481
0 0.4267604351043701 0.4744218587875366 0.034020811319351196 0.03553125262260437
10 0.9353749752044678 0.5346015691757202 0.12770837545394897 0.10045313835144043
1 0.2510416507720947 0.48750001192092896 0.14374999701976776 0.0625
2 0.6656249761581421 0.4554687440395355 0.1104167103767395 0.026562511920928955
10 0.35104167461395264 0.4664062261581421 0.06874999403953552 0.017187505960464478
1 0.2645833492279053 0.4632812440395355 0.03749999403953552 0.010937511920928955
1 0.8843749761581421 0.45781248807907104 0.22708332538604736 0.04375001788139343
