0 0.6337499618530273 0.7087500095367432 0.0975000262260437 0.22749996185302734
0 0.8350000381469727 0.625 0.06999999284744263 0.13999998569488525
1 0.3774999976158142 0.637499988079071 0.26999998092651367 0.125
0 0.057499997317790985 0.5724999904632568 0.029999997466802597 0.07499998807907104
0 0.24375000596046448 0.5662499666213989 0.047500014305114746 0.07750004529953003
0 0.8787499666213989 0.5362499952316284 0.05249994993209839 0.047500014305114746
9 0.29124999046325684 0.550000011920929 0.027500003576278687 0.019999980926513672
9 0.3137499988079071 0.5487500429153442 0.02249997854232788 0.02249997854232788
9 0.15000000596046448 0.5662499666213989 0.024999991059303284 0.04749995470046997
9 0.6512500047683716 0.5475000143051147 0.03250002861022949 0.04000002145767212
