1 0.23226000368595123 0.5406933426856995 0.46452000737190247 0.2412799894809723
1 0.4761999845504761 0.48657333850860596 0.04848000407218933 0.05341330170631409
6 0.39775002002716064 0.7393333315849304 0.11462000012397766 0.31461334228515625
0 0.2935499846935272 0.7053733468055725 0.17389999330043793 0.4330400228500366
6 0.07474999874830246 0.6448132991790771 0.09970000386238098 0.1740533709526062
1 0.381740003824234 0.47270667552948 0.031920015811920166 0.024293333292007446
1 0.488290011882782 0.46189332008361816 0.04533997178077698 0.03151997923851013
1 0.4289200007915497 0.46244001388549805 0.010999977588653564 0.018266648054122925
1 0.44784998893737793 0.46167999505996704 0.012820005416870117 0.013013333082199097
0 0.5702500343322754 0.7045466899871826 0.16818001866340637 0.38231998682022095
0 0.43772000074386597 0.46349334716796875 0.012880027294158936 0.016213327646255493
1 0.41868001222610474 0.46145331859588623 0.017240017652511597 0.021840006113052368
1 0.9876300096511841 0.4885066747665405 0.02469998598098755 0.050026655197143555
1 0.3970000147819519 0.46799999475479126 0.017999976873397827 0.02933332324028015
