1 0.8984375 0.4817187786102295 0.203125 0.1419375240802765
1 0.7677500247955322 0.4103958308696747 0.10996872186660767 0.04587501287460327
1 0.6601250171661377 0.40974998474121094 0.10737496614456177 0.057083338499069214
1 0.4578515589237213 0.41760414838790894 0.05182814598083496 0.03562501072883606
4 0.28034377098083496 0.53125 0.21118751168251038 0.2708333432674408
3 0.10783594101667404 0.4112291634082794 0.1594218760728836 0.1067083477973938
4 0.19978906214237213 0.504604160785675 0.10582813620567322 0.23245832324028015
4 0.347406268119812 0.45665624737739563 0.06981250643730164 0.12214583158493042
4 0.3686875104904175 0.4361666738986969 0.03096875548362732 0.08899998664855957
3 0.5539687871932983 0.3830416798591614 0.10100001096725464 0.03949999809265137
4 0.1897890567779541 0.44616666436195374 0.03895312547683716 0.11599999666213989
1 0.9602734446525574 0.398624986410141 0.07945311069488525 0.027958333492279053
4 0.004687500186264515 0.44999998807907104 0.00937500037252903 0.045833319425582886
4 0.30546873807907104 0.4427083134651184 0.05156251788139343 0.10625001788139343
4 0.4273437261581421 0.5479166507720947 0.2421874701976776 0.30000001192092896
4 0.6554687023162842 0.5239583253860474 0.16718751192092896 0.28541669249534607
1 0.33125001192092896 0.4281249940395355 0.015625 0.03125
1 0.3218750059604645 0.4104166626930237 0.028124988079071045 0.03333333134651184
1 0.5539062023162842 0.4156250059604645 0.08906251192092896 0.04791665077209473
3 0.610156238079071 0.38854163885116577 0.0234375 0.06458333134651184
4 0.39140623807907104 0.4260416626930237 0.020312517881393433 0.04791665077209473
4 0.5343749523162842 0.5093749761581421 0.15312498807907104 0.24375003576278687
4 0.12421874701976776 0.4895833134651184 0.15156251192092896 0.17083331942558289
