5 0.5142187476158142 0.6329583525657654 0.9672812223434448 0.7257499694824219
1 0.49221092462539673 0.3290729224681854 0.4513906240463257 0.320479154586792
1 0.30265623331069946 0.23258334398269653 0.09328123927116394 0.07333333790302277
5 0.2250937521457672 0.2854166626930237 0.2408124953508377 0.5708333253860474
9 0.6255234479904175 0.7463958263397217 0.536453127861023 0.4905416965484619
5 0.13906249403953552 0.3337083160877228 0.27812498807907104 0.6269583106040955
0 0.6692265272140503 0.18577083945274353 0.04939061403274536 0.08895833790302277
0 0.018445312976837158 0.19244791567325592 0.036890625953674316 0.1068125069141388
5 0.584781289100647 0.152406245470047 0.05821877717971802 0.06164582818746567
1 0.1448984444141388 0.23377084732055664 0.038328126072883606 0.06337501108646393
9 0.4803124964237213 0.23459374904632568 0.03237497806549072 0.06939584016799927
0 0.7099609375 0.2069166600704193 0.03489065170288086 0.07700000703334808
1 0.81640625 0.4104166626930237 0.3609374761581421 0.5499999523162842
