1 0.5780312418937683 0.47705209255218506 0.03887498378753662 0.05185416340827942
1 0.5591406226158142 0.5036666393280029 0.021250009536743164 0.05345830321311951
1 0.3434765636920929 0.49902084469795227 0.026828110218048096 0.05912500619888306
0 0.254156231880188 0.4895312190055847 0.019031256437301636 0.06364580988883972
0 0.19968751072883606 0.4870729446411133 0.014125004410743713 0.05143752694129944
0 0.2132265567779541 0.47470831871032715 0.006953135132789612 0.0325833261013031
0 0.1745312511920929 0.4907812476158142 0.01731249690055847 0.07627081871032715
2 0.8995468616485596 0.561510443687439 0.20090627670288086 0.359437495470047
0 0.731249988079071 0.6770833134651184 0.296875 0.6416666507720947
2 0.42578125 0.4739583432674408 0.1484375 0.16041666269302368
