10 0.04972656071186066 0.574885368347168 0.09945312142372131 0.08914583921432495
10 0.36159375309944153 0.5322707891464233 0.09003126621246338 0.08324998617172241
10 0.587164044380188 0.5420312881469727 0.057234346866607666 0.08089584112167358
1 0.5252578258514404 0.6244375109672546 0.16882812976837158 0.15687501430511475
1 0.3927890658378601 0.598562479019165 0.1398281455039978 0.09795832633972168
1 0.3083750009536743 0.5849270820617676 0.09887498617172241 0.07447922229766846
1 0.9806718826293945 0.5773541927337646 0.03865623474121094 0.08824998140335083
1 0.6721640825271606 0.6084166765213013 0.15254688262939453 0.1366249918937683
1 0.9253359436988831 0.7704271078109741 0.1493281126022339 0.2928125262260437
1 0.8936562538146973 0.5486458539962769 0.022187471389770508 0.03799998760223389
1 0.07126562297344208 0.6230833530426025 0.14253124594688416 0.11270833015441895
1 0.917492151260376 0.8620208501815796 0.16501563787460327 0.2759583592414856
1 0.9194999933242798 0.563156247138977 0.0520937442779541 0.0675208568572998
2 0.8046327829360962 0.5814791917800903 0.17592185735702515 0.1703750193119049
2 0.17528125643730164 0.5379270911216736 0.0534062534570694 0.05168747901916504
