2 0.036249998956918716 0.5737500190734863 0.07249999791383743 0.10750001668930054
0 0.07000000029802322 0.7649999856948853 0.11499999463558197 0.29500001668930054
0 0.10375000536441803 0.5412499904632568 0.02749999612569809 0.07249999046325684
0 0.3512499928474426 0.5575000047683716 0.027500003576278687 0.06999999284744263
0 0.45375001430511475 0.581250011920929 0.052499979734420776 0.09749996662139893
0 0.15000000596046448 0.5362499952316284 0.030000001192092896 0.0625
0 0.9574999809265137 0.6187499761581421 0.06000000238418579 0.11750000715255737
0 0.8899999856948853 0.5987499952316284 0.04000002145767212 0.10749995708465576
0 0.7400000095367432 0.5874999761581421 0.050000011920928955 0.0899999737739563
0 0.6312500238418579 0.5712499618530273 0.0274999737739563 0.08750003576278687
0 0.5175000429153442 0.5737500190734863 0.0350000262260437 0.08249998092651367
