1 0.5184687376022339 0.46665093302726746 0.07659372687339783 0.06014150381088257
1 0.2705624997615814 0.4854245185852051 0.09606249630451202 0.13976415991783142
1 0.5556719303131104 0.4552358388900757 0.022468745708465576 0.03683963418006897
1 0.7962890863418579 0.45212262868881226 0.01582813262939453 0.01599058508872986
1 0.7248984575271606 0.44747641682624817 0.014953136444091797 0.0187264084815979
1 0.8186249732971191 0.44770047068595886 0.011312544345855713 0.011863231658935547
0 0.6406874656677246 0.43982312083244324 0.004249989986419678 0.009033024311065674
10 0.4060390591621399 0.4690448045730591 0.16448438167572021 0.13379716873168945
1 0.7877109050750732 0.4447169899940491 0.009953081607818604 0.02103772759437561
4 0.17578125 0.551886796951294 0.1796875 0.27358487248420715
1 0.647656261920929 0.46108490228652954 0.02968752384185791 0.03537735342979431
