0 0.8862500190734863 0.5924999713897705 0.047500014305114746 0.10499995946884155
0 0.78125 0.5987499952316284 0.047500014305114746 0.10249996185302734
0 0.8062499761581421 0.5837500095367432 0.0274999737739563 0.10249996185302734
0 0.6299999952316284 0.5975000262260437 0.09000003337860107 0.12000000476837158
0 0.543749988079071 0.59375 0.052500009536743164 0.10749995708465576
9 0.3725000023841858 0.625 0.050000011920928955 0.10000002384185791
9 0.4437499940395355 0.6324999928474426 0.052500009536743164 0.10500001907348633
5 0.6875 0.6137499809265137 0.039999961853027344 0.06749999523162842
0 0.23124998807907104 0.5900000333786011 0.05749998986721039 0.09999996423721313
3 0.3762500286102295 0.518750011920929 0.0925000011920929 0.03750002384185791
0 0.3462499976158142 0.559999942779541 0.032499998807907104 0.06000000238418579
2 0.16374999284744263 0.5362499952316284 0.08749999850988388 0.027500033378601074
1 0.3087499737739563 0.5287500023841858 0.032499998807907104 0.01750004291534424
0 0.10374999791383743 0.5612499713897705 0.04749999940395355 0.05749994516372681
