1 0.8930312395095825 0.6151562929153442 0.03571873903274536 0.030395805835723877
1 0.9215155839920044 0.609125018119812 0.027656257152557373 0.026875019073486328
1 0.8095625042915344 0.6324374675750732 0.02168750762939453 0.04045838117599487
1 0.8366796970367432 0.625572919845581 0.05085939168930054 0.04156249761581421
1 0.936773419380188 0.6069895625114441 0.014921844005584717 0.0207291841506958
1 0.9895156621932983 0.644031286239624 0.020968735218048096 0.07343751192092896
3 0.7019687294960022 0.6196562051773071 0.19381248950958252 0.18202084302902222
0 0.30446094274520874 0.6716771125793457 0.017984390258789062 0.10022920370101929
0 0.3881874978542328 0.6781458258628845 0.02362501621246338 0.08112502098083496
0 0.9601093530654907 0.7047187685966492 0.07978123426437378 0.19997918605804443
0 0.3713671863079071 0.6766145825386047 0.013515651226043701 0.08406245708465576
0 0.01778906211256981 0.6853646039962769 0.03557812422513962 0.12410420179367065
1 0.9491796493530273 0.5990833044052124 0.01748436689376831 0.01949995756149292
1 0.9810234308242798 0.614270806312561 0.03260934352874756 0.04883331060409546
