0 0.29250001907348633 0.8174999952316284 0.20000001788139343 0.36000001430511475
0 0.19874998927116394 0.6937500238418579 0.08249999582767487 0.23250001668930054
0 0.24250000715255737 0.684999942779541 0.07000000774860382 0.1850000023841858
0 0.7524999976158142 0.5475000143051147 0.02499997615814209 0.07499998807907104
0 0.8224999904632568 0.5662499666213989 0.050000011920928955 0.10250002145767212
0 0.8550000190734863 0.574999988079071 0.050000011920928955 0.11500000953674316
0 0.9437500238418579 0.7012499570846558 0.11250001192092896 0.2574999928474426
1 0.7412499785423279 0.5249999761581421 0.06749999523162842 0.04500001668930054
0 0.5837500095367432 0.5337499976158142 0.022500038146972656 0.05750000476837158
0 0.4612500071525574 0.5562499761581421 0.03749999403953552 0.06749999523162842
