0 0.8962500095367432 0.6937500238418579 0.09249997138977051 0.2225000262260437
0 0.9624999761581421 0.6825000047683716 0.06999999284744263 0.20000004768371582
0 0.9199999570846558 0.59375 0.06499999761581421 0.06749999523162842
0 0.793749988079071 0.5862500071525574 0.03250002861022949 0.10249996185302734
1 0.5224999785423279 0.5649999976158142 0.09000000357627869 0.07500004768371582
1 0.581250011920929 0.5349999666213989 0.03750002384185791 0.04000002145767212
1 0.6337500214576721 0.5587499737739563 0.06749999523162842 0.0625
0 0.7300000190734863 0.5412499904632568 0.014999985694885254 0.047500014305114746
0 0.3162500262260437 0.5774999856948853 0.032499998807907104 0.08499997854232788
0 0.36500000953674316 0.5649999976158142 0.02000001072883606 0.08000004291534424
1 0.25 0.5425000190734863 0.10000000894069672 0.050000011920928955
4 0.17750000953674316 0.5700000524520874 0.07000000774860382 0.05500000715255737
1 0.1262499988079071 0.5537500381469727 0.10249999165534973 0.037499964237213135
1 0.04124999791383743 0.5412499904632568 0.07750000059604645 0.04250001907348633
