5 0.8309765458106995 0.851729154586792 0.10982811450958252 0.2889166474342346
3 0.47865623235702515 0.499895840883255 0.3775312602519989 0.7831249833106995
8 0.9689687490463257 0.6244374513626099 0.026968717575073242 0.11741667985916138
8 0.8495859503746033 0.6299687623977661 0.030109405517578125 0.0898125171661377
0 0.7019062638282776 0.6060104370117188 0.021906256675720215 0.038937509059906006
8 0.9302734136581421 0.6179583072662354 0.02314060926437378 0.09754163026809692
8 0.8689062595367432 0.6486458778381348 0.032687485218048096 0.0899166464805603
0 0.9883671998977661 0.6200937628746033 0.023265600204467773 0.15572917461395264
1 0.016398437321186066 0.6687500476837158 0.03279687464237213 0.06858330965042114
8 0.9490312337875366 0.6575624942779541 0.04568749666213989 0.1380833387374878
8 0.8781172037124634 0.6142187118530273 0.021140635013580322 0.07177084684371948
1 0.14328905940055847 0.7656145691871643 0.28657811880111694 0.26789581775665283
1 0.2773749828338623 0.6454479098320007 0.035312503576278687 0.0729374885559082
1 0.21998438239097595 0.6580833196640015 0.11806251108646393 0.078000009059906
0 0.8140624761581421 0.606249988079071 0.018750011920928955 0.03750002384185791
