1 0.8992187976837158 0.7592166066169739 0.19843751192092896 0.26497697830200195
1 0.7950078248977661 0.7074308395385742 0.10182809829711914 0.1703917384147644
1 0.3589765429496765 0.692177414894104 0.15404686331748962 0.23845624923706055
0 0.23017969727516174 0.7542856931686401 0.06979687511920929 0.2749308943748474
0 0.4933359622955322 0.685633659362793 0.034359365701675415 0.12209677696228027
0 0.4714062511920929 0.6852419376373291 0.03106248378753662 0.12647461891174316
0 0.042585935443639755 0.6791129112243652 0.035859376192092896 0.16029953956604004
0 0.014429687522351742 0.677868664264679 0.028859375044703484 0.15781104564666748
0 0.6743437647819519 0.6817972660064697 0.025812506675720215 0.12631338834762573
0 0.6918125152587891 0.6676843166351318 0.019906222820281982 0.12707370519638062
0 0.4454843997955322 0.6313018202781677 0.014062494039535522 0.042557597160339355
0 0.5357890725135803 0.6803916692733765 0.025234341621398926 0.13423961400985718
0 0.5778828263282776 0.6441935300827026 0.018828153610229492 0.03354841470718384
0 0.7106562852859497 0.6729723215103149 0.037249982357025146 0.1298617720603943
1 0.4359765648841858 0.6916244029998779 0.03764063119888306 0.18366360664367676
0 0.7423437833786011 0.6203455924987793 0.020031273365020752 0.04317969083786011
0 0.1317421793937683 0.7669585347175598 0.12032812088727951 0.3165898323059082
0 0.14531248807907104 0.7142857313156128 0.04999999701976776 0.29953914880752563
0 0.10234375298023224 0.6624423861503601 0.0390625 0.14516127109527588
0 0.6062500476837158 0.6267280578613281 0.018750011920928955 0.03686636686325073
0 0.621874988079071 0.6267281174659729 0.015625 0.04608297348022461
0 0.6148437261581421 0.6255760192871094 0.0078125 0.03917050361633301
