1 0.7920702695846558 0.5346898436546326 0.20176559686660767 0.23905709385871887
1 0.46592968702316284 0.4758436679840088 0.11229684948921204 0.08245658874511719
1 0.5068827867507935 0.4386228322982788 0.04457813501358032 0.06781637668609619
0 0.3828125 0.5354714393615723 0.29999998211860657 0.7582878470420837
0 0.8897500038146973 0.42064517736434937 0.04090625047683716 0.10416874289512634
0 0.925710916519165 0.5033746957778931 0.05620312690734863 0.26610422134399414
10 0.564703106880188 0.4650496244430542 0.0898125171661377 0.14434242248535156
0 0.6670703291893005 0.509454071521759 0.0657343864440918 0.2606451213359833
1 0.9348359107971191 0.825446605682373 0.11998432874679565 0.32791560888290405
1 0.4906249940395355 0.4354838728904724 0.043749988079071045 0.047146379947662354
1 0.72265625 0.4540942907333374 0.0703125 0.08933001756668091
