1 0.7992187738418579 0.6781566739082336 0.11806249618530273 0.18751156330108643
1 0.2349843680858612 0.6454954147338867 0.044906243681907654 0.20449310541152954
0 0.6613984107971191 0.6336981654167175 0.05954688787460327 0.25066816806793213
0 0.6011718511581421 0.683605968952179 0.07771879434585571 0.3662903308868408
0 0.4475625157356262 0.6970622539520264 0.10371872782707214 0.3905760645866394
0 0.40003126859664917 0.6350691318511963 0.1432812511920929 0.427188903093338
0 0.2909609377384186 0.6883295178413391 0.09448438882827759 0.44721201062202454
0 0.2134140580892563 0.6625576019287109 0.03776562213897705 0.29032254219055176
0 0.1882656216621399 0.699608325958252 0.08143749833106995 0.3588479161262512
0 0.09644531458616257 0.6563018560409546 0.046546876430511475 0.2709447145462036
0 0.5146172046661377 0.687811017036438 0.06185939908027649 0.34682029485702515
0 0.14087499678134918 0.6838133335113525 0.047374993562698364 0.34785717725753784
0 0.8762187361717224 0.7030760049819946 0.08468747138977051 0.3964746594429016
