1 0.08671875298023224 0.8328711986541748 0.17343750596046448 0.07224887609481812
5 0.5179687738418579 0.807860255241394 0.22031250596046448 0.3842794895172119
9 0.3553515672683716 0.8675436973571777 0.060765624046325684 0.12801307439804077
9 0.38927343487739563 0.8692030906677246 0.06604689359664917 0.11831873655319214
9 0.7028281092643738 0.8665938973426819 0.03215622901916504 0.07978165149688721
0 0.16221094131469727 0.8017030954360962 0.00939062237739563 0.024585187435150146
0 0.8898047208786011 0.8278493881225586 0.032296836376190186 0.0670960545539856
0 0.3134062588214874 0.8241593837738037 0.02093750238418579 0.05993449687957764
9 0.7242031097412109 0.8629148006439209 0.03153127431869507 0.08871179819107056
0 0.7806640863418579 0.8462445735931396 0.021859347820281982 0.08790391683578491
9 0.6752343773841858 0.8674890995025635 0.02921879291534424 0.08109170198440552
9 0.5883984565734863 0.8649563789367676 0.04285937547683716 0.09078603982925415
9 0.4213828146457672 0.8623471260070801 0.05189061164855957 0.12085157632827759
9 0.5734374523162842 0.8689956665039062 0.028124988079071045 0.06550222635269165
0 0.5984375476837158 0.8318777084350586 0.012499988079071045 0.06113535165786743
0 0.609375 0.8329694271087646 0.02187502384185791 0.0589519739151001
0 0.3421875238418579 0.7980349063873291 0.009375005960464478 0.01528388261795044
0 0.35234373807907104 0.818777322769165 0.010937482118606567 0.04803496599197388
0 0.046875 0.8100436925888062 0.012500002980232239 0.021834075450897217
