2 0.0925000011920929 0.6387500166893005 0.1850000023841858 0.19249999523162842
0 0.19249999523162842 0.6875 0.06000000238418579 0.20000004768371582
0 0.8387500047683716 0.637499988079071 0.07749998569488525 0.15999996662139893
0 0.65625 0.5862500071525574 0.052500009536743164 0.10249996185302734
0 0.5850000381469727 0.6875 0.06999999284744263 0.21500003337860107
0 0.47999998927116394 0.6549999713897705 0.06999999284744263 0.1600000262260437
0 0.41624999046325684 0.6312500238418579 0.05750000476837158 0.1524999737739563
0 0.3487499952316284 0.6287499666213989 0.04250001907348633 0.13749998807907104
0 0.5387499928474426 0.5487499833106995 0.022500038146972656 0.06749999523162842
0 0.48000001907348633 0.5399999618530273 0.025000005960464478 0.05500000715255737
2 0.1237500011920929 0.5262500047683716 0.08250000327825546 0.03250002861022949
2 0.20374999940395355 0.5225000381469727 0.052500009536743164 0.04500001668930054
2 0.0949999988079071 0.5225000381469727 0.08500000834465027 0.04000002145767212
0 0.3174999952316284 0.6037499904632568 0.034999996423721313 0.11250001192092896
0 0.39249998331069946 0.5375000238418579 0.025000005960464478 0.06999999284744263
