1 0.10891406238079071 0.501173734664917 0.1634218692779541 0.18075114488601685
0 0.9524999856948853 0.44281691312789917 0.04109376668930054 0.10985913872718811
4 0.5058749914169312 0.5340492725372314 0.1304999589920044 0.3310093581676483
0 0.975781261920929 0.43075117468833923 0.04843747615814209 0.10093897581100464
0 0.94140625 0.42136150598526 0.08281254768371582 0.11971831321716309
0 0.8460937738418579 0.4190140962600708 0.048437535762786865 0.10563382506370544
0 0.8812500238418579 0.4272300601005554 0.053124964237213135 0.10328638553619385
0 0.8125 0.43075117468833923 0.03750002384185791 0.08215963840484619
0 0.80859375 0.40023475885391235 0.0390625 0.10093894600868225
0 0.776562511920929 0.4131455421447754 0.046875 0.10798120498657227
0 0.889843761920929 0.5046948194503784 0.06093752384185791 0.17840373516082764
0 0.7515624761581421 0.41431924700737 0.040625035762786865 0.09154927730560303
0 0.9468749761581421 0.3720657229423523 0.07187503576278687 0.05868545174598694
0 0.4664062261581421 0.34272301197052 0.08593747019767761 0.13615024089813232
0 0.47265625 0.2523474097251892 0.06718751788139343 0.14788733422756195
0 0.4085937440395355 0.40258216857910156 0.035937488079071045 0.0821596086025238
0 0.38749998807907104 0.39319249987602234 0.03125 0.06807512044906616
0 0.3687500059604645 0.35446009039878845 0.018750011920928955 0.03286385536193848
0 0.3492187261581421 0.38967135548591614 0.029687494039535522 0.05633801221847534
0 0.35234373807907104 0.42136150598526 0.03593751788139343 0.049295783042907715
5 0.3101562261581421 0.5880281925201416 0.09531250596046448 0.3309859335422516
5 0.4296875 0.6690140962600708 0.12187498807907104 0.3849765360355377
5 0.4390625059604645 0.6173709034919739 0.10624998807907104 0.3849765360355377
