1 0.6490781307220459 0.6408782005310059 0.07328128814697266 0.1279391050338745
1 0.0660703107714653 0.5679508447647095 0.13051562011241913 0.16779857873916626
1 0.28025782108306885 0.516241192817688 0.10920311510562897 0.1129976212978363
0 0.557812511920929 0.5627634525299072 0.14374998211860657 0.46042153239250183
0 0.3890625238418579 0.5658899545669556 0.11562499403953552 0.36831381916999817
0 0.21310937404632568 0.6040632128715515 0.05818749964237213 0.30920371413230896
0 0.18131250143051147 0.5761123895645142 0.11862499266862869 0.37470728158950806
1 0.256046861410141 0.4616510272026062 0.07734374701976776 0.0523887574672699
1 0.11551561951637268 0.471463680267334 0.05624999850988388 0.04330208897590637
1 0.07857031375169754 0.48263466358184814 0.09604687988758087 0.0320608913898468
1 0.3145234286785126 0.48706090450286865 0.04742187261581421 0.07946136593818665
1 0.02762500010430813 0.4800819754600525 0.05525000020861626 0.07065573334693909
1 0.4429687559604645 0.5 0.0390625 0.07728338241577148
0 0.7374999523162842 0.5971896648406982 0.13749998807907104 0.3981264531612396
1 0.8617187738418579 0.48946136236190796 0.22031253576278687 0.21077284216880798
1 0.859375 0.722482442855835 0.1937500238418579 0.1147540807723999
0 0.83984375 0.7494145035743713 0.3140624761581421 0.4964871406555176
0 0.390625 0.5702576041221619 0.11874997615814209 0.37704917788505554
