4 0.10125000029802322 0.5687500238418579 0.07750000059604645 0.07750004529953003
1 0.30000001192092896 0.5549999475479126 0.16499999165534973 0.06000000238418579
1 0.16624999046325684 0.5449999570846558 0.08249999582767487 0.050000011920928955
1 0.5824999809265137 0.7099999785423279 0.22499999403953552 0.24000000953674316
1 0.5537500381469727 0.5712500214576721 0.09250003099441528 0.052500009536743164
0 0.8787499666213989 0.6799999475479126 0.10250002145767212 0.1899999976158142
0 0.9674999713897705 0.6749999523162842 0.06499999761581421 0.18000000715255737
0 0.831250011920929 0.5737500190734863 0.04250001907348633 0.0975000262260437
0 0.7425000071525574 0.5462499856948853 0.02499997615814209 0.0625
1 0.6362500190734863 0.5412499904632568 0.06749999523162842 0.0625
0 0.6912499666213989 0.5475000143051147 0.02249997854232788 0.06000000238418579
0 0.38999998569488525 0.5337499976158142 0.015000015497207642 0.04250001907348633
