2 0.5140859484672546 0.5884191989898682 0.05357813835144043 0.06911003589630127
3 0.5884140729904175 0.5438876152038574 0.10154688358306885 0.22641688585281372
0 0.8502031564712524 0.6606557369232178 0.03646880388259888 0.16398131847381592
0 0.9037656188011169 0.652798593044281 0.03053128719329834 0.13576114177703857
0 0.9184687733650208 0.6668618321418762 0.03862500190734863 0.13161587715148926
0 0.9562734365463257 0.6583138108253479 0.03573441505432129 0.14196717739105225
0 0.7139687538146973 0.5823302268981934 0.01237499713897705 0.05257612466812134
0 0.8006875514984131 0.6164168119430542 0.01703125238418579 0.09288054704666138
0 0.7549062967300415 0.6163114905357361 0.01662498712539673 0.0868149995803833
0 0.7274062633514404 0.5964871048927307 0.014906227588653564 0.054473042488098145
0 0.9866172075271606 0.6642154455184937 0.024140655994415283 0.1251990795135498
1 0.04637499898672104 0.6142154932022095 0.0910625010728836 0.08107727766036987
0 0.888742208480835 0.6463583111763 0.025984346866607666 0.11552691459655762
0 0.774218738079071 0.6159250736236572 0.02968752384185791 0.07962530851364136
