1 0.7514375448226929 0.3512890636920929 0.19254165887832642 0.09914064407348633
1 0.2932812571525574 0.3264531195163727 0.06635415554046631 0.044499993324279785
1 0.2720312476158142 0.3173906207084656 0.041229188442230225 0.037343740463256836
3 0.47083330154418945 0.3265624940395355 0.2958333194255829 0.203125
0 0.5677083134651184 0.7626718878746033 0.6312500238418579 0.4715312719345093
0 0.195479154586792 0.31642186641693115 0.03262500464916229 0.045343756675720215
0 0.16308334469795227 0.31687498092651367 0.014166668057441711 0.029687494039535522
1 0.9883958101272583 0.3538281321525574 0.023208320140838623 0.03484374284744263
0 0.1730937510728836 0.3106328248977661 0.012604176998138428 0.018546879291534424
1 0.34063541889190674 0.3088671863079071 0.027937501668930054 0.026734352111816406
10 0.30671876668930054 0.30555468797683716 0.033437520265579224 0.019296884536743164
