1 0.05000000074505806 0.6587499976158142 0.10000000149011612 0.13750004768371582
1 0.14500001072883606 0.5637500286102295 0.14000000059604645 0.08750003576278687
10 0.19249999523162842 0.4962500035762787 0.125 0.11250001192092896
0 0.39125001430511475 0.5149999856948853 0.01750001311302185 0.04000002145767212
0 0.4100000262260437 0.5275000333786011 0.025000005960464478 0.05500000715255737
0 0.5 0.5549999475479126 0.034999996423721313 0.06499999761581421
0 0.6449999809265137 0.6162500381469727 0.050000011920928955 0.14749997854232788
0 0.7450000047683716 0.65625 0.10500001907348633 0.19249999523162842
0 0.7725000381469727 0.71875 0.09999996423721313 0.26750004291534424
0 0.9337500333786011 0.7475000023841858 0.13249999284744263 0.3049999475479126
0 0.061250001192092896 0.5049999952316284 0.017500001937150955 0.034999966621398926
