0 0.32149219512939453 0.4673858880996704 0.08498436212539673 0.3076763153076172
0 0.04972656071186066 0.5441182851791382 0.09945312142372131 0.40620332956314087
0 0.6658437252044678 0.6042323708534241 0.14290624856948853 0.40983402729034424
9 0.7407187223434448 0.7464730739593506 0.2764374613761902 0.3294190764427185
0 0.09907031804323196 0.5078734159469604 0.07657812535762787 0.3854149281978607
0 0.3845859467983246 0.46042531728744507 0.07942187786102295 0.23367217183113098
0 0.4676171839237213 0.41483402252197266 0.047390639781951904 0.20419085025787354
0 0.9812265634536743 0.3453008234500885 0.03754687309265137 0.07993775606155396
0 0.40418750047683716 0.33163899183273315 0.05359375476837158 0.07701244950294495
0 0.49892187118530273 0.42340248823165894 0.03865623474121094 0.1747303009033203
4 0.44440627098083496 0.6657469272613525 0.28975000977516174 0.3260580897331238
2 0.5450546741485596 0.329802930355072 0.08604687452316284 0.0631742775440216
9 0.753710925579071 0.5632883906364441 0.1490468978881836 0.27006223797798157
5 0.19140625 0.545643150806427 0.1640625 0.4522821605205536
0 0.5234375 0.41597509384155273 0.046875 0.16804978251457214
