1 0.5619062185287476 0.44946059584617615 0.48487502336502075 0.5521991848945618
1 0.9318046569824219 0.6173858642578125 0.13639062643051147 0.4383402466773987
0 0.8453593850135803 0.431473046541214 0.08631253242492676 0.4449377655982971
0 0.47645312547683716 0.2190248966217041 0.03987500071525574 0.14360995590686798
0 0.37671875953674316 0.21406638622283936 0.024218767881393433 0.1546887755393982
0 0.3959609270095825 0.20346473157405853 0.0279218852519989 0.17323651909828186
0 0.4260937571525574 0.20018672943115234 0.046718746423721313 0.1860995888710022
0 0.20805469155311584 0.21997925639152527 0.019234374165534973 0.10941910743713379
0 0.19533593952655792 0.3083195090293884 0.01729688048362732 0.13273859024047852
0 0.11899218708276749 0.2650207579135895 0.02579687535762787 0.23867221176624298
0 0.0931406319141388 0.27516597509384155 0.039781250059604645 0.2626141309738159
0 0.052421875298023224 0.26531121134757996 0.03440624848008156 0.2364315390586853
0 0.32717186212539673 0.2321161925792694 0.04109373688697815 0.16655601561069489
0 0.24687500298023224 0.30705395340919495 0.09062501788139343 0.3568464517593384
