10 0.921875 0.36649999022483826 0.15625 0.6586666703224182
0 0.5227890610694885 0.5191666483879089 0.01960933208465576 0.051791638135910034
0 0.5338671803474426 0.5129687786102295 0.008328080177307129 0.03760415315628052
1 0.33259373903274536 0.5163021087646484 0.038093745708465576 0.047770798206329346
1 0.29596877098083496 0.5182499885559082 0.04975000023841858 0.08291667699813843
1 0.620914101600647 0.5246458053588867 0.03004688024520874 0.04095834493637085
1 0.20646093785762787 0.5328333377838135 0.07582813501358032 0.12183332443237305
1 0.2546015679836273 0.5216666460037231 0.079953134059906 0.09833332896232605
10 0.04218750074505806 0.5264478921890259 0.08437500149011612 0.2304374873638153
0 0.672195315361023 0.5170208215713501 0.008640646934509277 0.0339583158493042
1 0.3193671703338623 0.5181249976158142 0.018484383821487427 0.047500014305114746
10 0.7893593311309814 0.5078854560852051 0.10493749380111694 0.09827083349227905
1 0.3492187261581421 0.5166666507720947 0.014062494039535522 0.03749999403953552
5 0.5179687738418579 0.7906249761581421 0.6109374761581421 0.41874998807907104
