4 0.2549999952316284 0.7575000524520874 0.2200000137090683 0.3100000023841858
1 0.41874998807907104 0.5662499666213989 0.10249999165534973 0.07250005006790161
4 0.4950000047683716 0.5774999856948853 0.03999999165534973 0.10000002384185791
1 0.5362499952316284 0.5187499523162842 0.027500033378601074 0.02249997854232788
1 0.6100000143051147 0.5199999809265137 0.02499997615814209 0.025000035762786865
4 0.5762499570846558 0.5149999856948853 0.017499983310699463 0.029999971389770508
0 0.8075000047683716 0.5399999618530273 0.02499997615814209 0.05500000715255737
0 0.3087500035762787 0.5262500047683716 0.012499988079071045 0.04250001907348633
4 0.12999999523162842 0.5562499761581421 0.054999999701976776 0.04749995470046997
4 0.1850000023841858 0.5499999523162842 0.03999999165534973 0.050000011920928955
4 0.026249999180436134 0.5700000524520874 0.05249999836087227 0.06999999284744263
4 0.07000000029802322 0.5649999976158142 0.06499999761581421 0.0700000524520874
4 0.8650000095367432 0.6162500381469727 0.15999996662139893 0.10750001668930054
4 0.7737500071525574 0.5874999761581421 0.09249997138977051 0.07999998331069946
4 0.71875 0.559999942779541 0.052500009536743164 0.06499999761581421
