2 0.925000011920929 0.6662499904632568 0.1499999761581421 0.2174999713897705
4 0.7450000047683716 0.5912500023841858 0.08500003814697266 0.06749999523162842
4 0.4462500214576721 0.5762500166893005 0.03749999403953552 0.07749998569488525
0 0.1237500011920929 0.6399999856948853 0.052500009536743164 0.13499999046325684
0 0.06750000268220901 0.581250011920929 0.03500000014901161 0.08249998092651367
4 0.20750001072883606 0.6087499856948853 0.1300000101327896 0.09249997138977051
4 0.1837500035762787 0.5800000429153442 0.08249999582767487 0.0350000262260437
5 0.29250001907348633 0.5649999976158142 0.04499998688697815 0.08000004291534424
1 0.45499998331069946 0.5162500143051147 0.025000005960464478 0.017499983310699463
9 0.017500000074505806 0.6212500333786011 0.03500000014901161 0.11250001192092896
