5 0.5940155982971191 0.45206087827682495 0.06874996423721313 0.16168618202209473
1 0.42832815647125244 0.3749297261238098 0.23225000500679016 0.24667444825172424
1 0.3519921898841858 0.2757377028465271 0.08470314741134644 0.07278686761856079
0 0.27307814359664917 0.27518734335899353 0.11375001072883606 0.33060890436172485
0 0.6951797008514404 0.411194384098053 0.14070314168930054 0.4172365665435791
0 0.9322890639305115 0.5301639437675476 0.13542187213897705 0.6294145584106445
0 0.5233515501022339 0.2705971896648407 0.054640620946884155 0.15894614160060883
0 0.9088515639305115 0.3203161656856537 0.06460940837860107 0.2210538536310196
6 0.6129531264305115 0.29249414801597595 0.03346872329711914 0.10892271995544434
0 0.5788280963897705 0.27156907320022583 0.0350000262260437 0.11953161656856537
0 0.4928359389305115 0.24750584363937378 0.027296900749206543 0.08016394078731537
5 0.8273124694824219 0.5529508590698242 0.19465619325637817 0.3294145464897156
5 0.30782032012939453 0.2466510534286499 0.015640616416931152 0.06791567802429199
5 0.3056015372276306 0.2706206142902374 0.012421876192092896 0.04189695417881012
0 0.20859375596046448 0.5058547854423523 0.38593751192092896 0.9742388725280762
0 0.04921875149011612 0.2423887550830841 0.01093750074505806 0.03981262445449829
0 0.05546874925494194 0.233021080493927 0.0078125 0.021077275276184082
1 0.2867187559604645 0.23770491778850555 0.0234375 0.030444949865341187
1 0.3609374761581421 0.2271662801504135 0.06874999403953552 0.037470728158950806
