1 0.13249999284744263 0.7637500166893005 0.25999999046325684 0.3174999952316284
1 0.7412500381469727 0.8037500381469727 0.5074999928474426 0.3675000071525574
1 0.30000001192092896 0.6512500047683716 0.26499998569488525 0.1575000286102295
1 0.10624999552965164 0.6037499904632568 0.17749999463558197 0.09749996662139893
2 0.03500000014901161 0.5587500333786011 0.07000000029802322 0.08750003576278687
0 0.9774999618530273 0.6112500429153442 0.04000002145767212 0.11250001192092896
0 0.2175000011920929 0.5512499809265137 0.025000005960464478 0.047500014305114746
0 0.08374999463558197 0.5399999618530273 0.02749999612569809 0.030000030994415283
0 0.13750000298023224 0.5349999666213989 0.044999994337558746 0.04000002145767212
0 0.9424999952316284 0.5612499713897705 0.039999961853027344 0.08750003576278687
0 0.96875 0.5512499809265137 0.03250002861022949 0.052500009536743164
0 0.8887500166893005 0.5462499856948853 0.04250001907348633 0.05750000476837158
0 0.6912499666213989 0.5362499952316284 0.0274999737739563 0.03750002384185791
0 0.4662500023841858 0.5462499856948853 0.017499983310699463 0.047500014305114746
2 0.3512499928474426 0.518750011920929 0.07249999046325684 0.03250002861022949
