1 0.3516979217529297 0.39543747901916504 0.21564584970474243 0.09968748688697815
1 0.20982292294502258 0.3643203377723694 0.11785417795181274 0.056578129529953
1 0.09445832669734955 0.3522421717643738 0.06241666525602341 0.03242185711860657
1 0.05667708441615105 0.34794533252716064 0.029520832002162933 0.02510938048362732
1 0.13873958587646484 0.34630468487739563 0.04647916555404663 0.02520310878753662
1 0.7532187700271606 0.36552345752716064 0.16985416412353516 0.055484384298324585
1 0.5018646121025085 0.7741562724113464 0.9857708811759949 0.4247187376022339
2 0.024645833298563957 0.36244529485702515 0.049291666597127914 0.09389063715934753
10 0.5739583373069763 0.33515626192092896 0.20624998211860657 0.0859375
1 0.6885416507720947 0.36250001192092896 0.15625 0.05625000596046448
1 0.856249988079071 0.3726562559604645 0.2875000238418579 0.08281248807907104
4 0.6312500238418579 0.45234376192092896 0.42500001192092896 0.2578125
1 0.33020836114883423 0.3382812738418579 0.06458333134651184 0.014062494039535522
1 0.39270836114883423 0.3460937440395355 0.06041666865348816 0.0234375
1 0.26875001192092896 0.34375 0.020833343267440796 0.028124988079071045
