0 0.6475000381469727 0.6924999952316284 0.07999998331069946 0.16499996185302734
0 0.6537500023841858 0.6012499928474426 0.047500014305114746 0.08749997615814209
0 0.5649999976158142 0.6225000023841858 0.0549999475479126 0.1499999761581421
0 0.3425000011920929 0.6262500286102295 0.050000011920928955 0.13749998807907104
0 0.28999999165534973 0.6387499570846558 0.05500000715255737 0.14749997854232788
0 0.22374999523162842 0.6387499570846558 0.07249999046325684 0.13749998807907104
0 0.26999998092651367 0.6062500476837158 0.03999999165534973 0.10750001668930054
0 0.3725000023841858 0.6087499856948853 0.04000002145767212 0.1274999976158142
0 0.17249999940395355 0.612500011920929 0.06999999284744263 0.125
0 0.13375000655651093 0.5850000381469727 0.03750000149011612 0.08499997854232788
