0 0.08125000447034836 0.7012499570846558 0.10750000178813934 0.22750002145767212
9 0.5237500071525574 0.6299999952316284 0.05750000476837158 0.09500002861022949
9 0.5600000023841858 0.6175000071525574 0.0549999475479126 0.08000004291534424
0 0.6712499856948853 0.637499988079071 0.07249999046325684 0.1499999761581421
5 0.1574999988079071 0.8712500333786011 0.11000000685453415 0.2574999928474426
5 0.32875001430511475 0.862500011920929 0.1875000149011612 0.26999998092651367
5 0.48374998569488525 0.8162499666213989 0.16749998927116394 0.21750003099441528
5 0.5487499833106995 0.7962499856948853 0.13750001788139343 0.2174999713897705
0 0.7950000166893005 0.5724999904632568 0.02499997615814209 0.08500003814697266
0 0.8512499928474426 0.5787500143051147 0.03750002384185791 0.08749997615814209
0 0.8862500190734863 0.5699999928474426 0.03249996900558472 0.08000004291534424
0 0.9237499833106995 0.6037499904632568 0.03750002384185791 0.10750001668930054
0 0.9637500047683716 0.6087499856948853 0.03750002384185791 0.11750000715255737
5 0.6837500333786011 0.7737500071525574 0.1524999737739563 0.14750003814697266
5 0.6024999618530273 0.7912499904632568 0.14500004053115845 0.1875
