5 0.8590078353881836 0.8138074278831482 0.058203160762786865 0.09216630458831787
1 0.5110077857971191 0.7672429084777832 0.10182815790176392 0.0954485535621643
0 0.6369062662124634 0.797177255153656 0.06056249141693115 0.19829320907592773
0 0.7256406545639038 0.8179430961608887 0.043812453746795654 0.16778993606567383
0 0.765625 0.8242450952529907 0.08749997615814209 0.1955360770225525
1 0.08148437738418579 0.6765973567962646 0.04468749836087227 0.04120349884033203
1 0.011921875178813934 0.7055141925811768 0.02384375035762787 0.08345729112625122
1 0.10919531434774399 0.6828227639198303 0.030890628695487976 0.043982505798339844
0 0.9488593339920044 0.840776801109314 0.050656259059906006 0.16645514965057373
1 0.262445330619812 0.7168927788734436 0.040421873331069946 0.05129098892211914
0 0.34062498807907104 0.7614222764968872 0.07187500596046448 0.21431070566177368
1 0.9432109594345093 0.7433807253837585 0.06764060258865356 0.02461707592010498
2 0.15078124403953552 0.6695842742919922 0.0703124925494194 0.07002192735671997
1 0.15625 0.733041524887085 0.09062499552965164 0.11378556489944458
0 0.6140625476837158 0.7866520881652832 0.050000011920928955 0.19037199020385742
0 0.30000001192092896 0.7964988946914673 0.08437499403953552 0.22757112979888916
1 0.2828125059604645 0.7330415844917297 0.028124988079071045 0.04376363754272461
