1 0.46043747663497925 0.26242586970329285 0.07631251215934753 0.13698112964630127
0 0.05348437279462814 0.3699595630168915 0.0820624977350235 0.21123987436294556
0 0.18217188119888306 0.6139218807220459 0.1316249966621399 0.5282749533653259
0 0.3719140589237213 0.4667385220527649 0.08467185497283936 0.3909972608089447
0 0.4552578330039978 0.70490562915802 0.10767188668251038 0.5549865365028381
0 0.562820315361023 0.6100269556045532 0.11764061450958252 0.40086254477500916
0 0.5394843816757202 0.3547978401184082 0.09337499737739563 0.333315372467041
0 0.7676172256469727 0.2759838402271271 0.1023593544960022 0.2679784297943115
9 0.6838046908378601 0.3187331557273865 0.043328166007995605 0.10258758068084717
0 0.691531240940094 0.24974393844604492 0.0716562271118164 0.1605660319328308
5 0.9410781264305115 0.08621293306350708 0.11384379863739014 0.11781670898199081
2 0.1781328171491623 0.22536388039588928 0.169859379529953 0.33870619535446167
1 0.5843281149864197 0.25683286786079407 0.07421875 0.1233692616224289
1 0.9686640501022339 0.20018868148326874 0.06267189979553223 0.07024258375167847
1 0.09046874940395355 0.21473047137260437 0.13434374332427979 0.259002685546875
2 0.020351562649011612 0.23776280879974365 0.040703125298023224 0.31838274002075195
1 0.32407811284065247 0.3199461102485657 0.17490623891353607 0.29832884669303894
5 0.8890625238418579 0.29110512137413025 0.053124964237213135 0.3396226167678833
0 0.6671874523162842 0.4892183244228363 0.18437498807907104 0.536388099193573
0 0.5718749761581421 0.835579514503479 0.22812503576278687 0.32345008850097656
