0 0.2900000214576721 0.6050000190734863 0.04499998688697815 0.12000000476837158
1 0.6287499666213989 0.5762500166893005 0.13749998807907104 0.06749999523162842
0 0.4037500023841858 0.574999988079071 0.027500003576278687 0.09000003337860107
0 0.4337499737739563 0.5787500143051147 0.032499998807907104 0.07749998569488525
2 0.20874999463558197 0.5425000190734863 0.10749998688697815 0.06000000238418579
1 0.35500001907348633 0.53125 0.08000001311302185 0.04250001907348633
0 0.5074999928474426 0.5299999713897705 0.029999971389770508 0.04000002145767212
1 0.14000000059604645 0.5275000333786011 0.025000005960464478 0.0350000262260437
2 0.6862499713897705 0.5287500023841858 0.08750003576278687 0.03750002384185791
2 0.8587499856948853 0.5287500023841858 0.11750000715255737 0.04250001907348633
3 0.9787499904632568 0.5537499785423279 0.03750002384185791 0.1824999749660492
0 0.5362499952316284 0.5337499976158142 0.01250004768371582 0.047500014305114746
2 0.7599999904632568 0.5287500023841858 0.06000000238418579 0.03250002861022949
