10 0.49580469727516174 0.5106250047683716 0.6661093831062317 0.8329166173934937
0 0.8353984355926514 0.5646666884422302 0.07860934734344482 0.27537503838539124
0 0.8677812814712524 0.5337499976158142 0.03962498903274536 0.15845835208892822
0 0.7580156326293945 0.4859583377838135 0.050812482833862305 0.10966670513153076
0 0.8035546541213989 0.48257291316986084 0.019921839237213135 0.08027085661888123
6 0.26826563477516174 0.7347500324249268 0.06456251442432404 0.22204166650772095
0 0.16392968595027924 0.47857290506362915 0.018546879291534424 0.033270835876464844
1 0.09475000202655792 0.4989062547683716 0.051624998450279236 0.03468751907348633
1 0.9104140996932983 0.5181770920753479 0.08923441171646118 0.1328541338443756
1 0.966617226600647 0.5589062571525574 0.06670314073562622 0.17277085781097412
1 0.9618359208106995 0.4781041741371155 0.05704689025878906 0.05812501907348633
1 0.12187500298023224 0.4958333373069763 0.06875000149011612 0.04583334922790527
0 0.046875 0.48750001192092896 0.02187500149011612 0.07083335518836975
0 0.05937499925494194 0.48645830154418945 0.012499995529651642 0.06874999403953552
0 0.02968749962747097 0.4833333492279053 0.01875000074505806 0.05416667461395264
0 0.15703125298023224 0.5145833492279053 0.017187505960464478 0.06250002980232239
0 0.17578125 0.5093749761581421 0.0234375 0.07291668653488159
6 0.862500011920929 0.6083333492279053 0.02187502384185791 0.17083334922790527
