4 0.4287499785423279 0.5774999856948853 0.04249998927116394 0.0899999737739563
4 0.4612500071525574 0.6337499618530273 0.05750000476837158 0.1524999737739563
1 0.5149999856948853 0.5662499666213989 0.08000001311302185 0.07750004529953003
0 0.8037500381469727 0.5787500143051147 0.037499964237213135 0.10750001668930054
0 0.8550000190734863 0.5950000286102295 0.04500001668930054 0.10499995946884155
0 0.7087500095367432 0.5637500286102295 0.027500033378601074 0.05749994516372681
0 0.3762499988079071 0.5562499761581421 0.0274999737739563 0.07249999046325684
0 0.23874999582767487 0.5612499713897705 0.032499998807907104 0.0625
4 0.0949999988079071 0.5924999713897705 0.06499999761581421 0.06999999284744263
4 0.054999999701976776 0.5950000286102295 0.034999996423721313 0.06499999761581421
4 0.020000001415610313 0.59375 0.03500000014901161 0.06749999523162842
4 0.5874999761581421 0.5499999523162842 0.050000011920928955 0.050000011920928955
