0 0.04749999940395355 0.5762499570846558 0.06499999761581421 0.14249998331069946
0 0.20750001072883606 0.550000011920929 0.040000006556510925 0.09000003337860107
0 0.47999998927116394 0.6237499713897705 0.06000000238418579 0.1975000500679016
4 0.42624998092651367 0.5649999976158142 0.07250002026557922 0.10500001907348633
2 0.42124998569488525 0.5412499904632568 0.1525000035762787 0.08249998092651367
2 0.5362499952316284 0.5299999713897705 0.07249999046325684 0.05500000715255737
1 0.6012499928474426 0.5299999713897705 0.05750000476837158 0.0350000262260437
4 0.7537499666213989 0.6087499856948853 0.24250000715255737 0.1575000286102295
0 0.8824999928474426 0.8112499713897705 0.23000001907348633 0.3774999976158142
1 0.6749999523162842 0.5249999761581421 0.04500001668930054 0.025000035762786865
5 0.5799999833106995 0.5924999713897705 0.10000002384185791 0.06999999284744263
0 0.7862499952316284 0.5037499666213989 0.05750000476837158 0.04249998927116394
