4 0.573312520980835 0.8740520477294922 0.25337499380111694 0.2477291226387024
4 0.8573828339576721 0.856083333492279 0.2818906307220459 0.28187501430511475
1 0.46104687452316284 0.6895104646682739 0.1390625238418579 0.08764582872390747
1 0.7515703439712524 0.649177074432373 0.03217190504074097 0.03514581918716431
1 0.2965781092643738 0.6779270768165588 0.1616562455892563 0.09822916984558105
1 0.908929705619812 0.6809062957763672 0.15245312452316284 0.07868748903274536
1 0.8196171522140503 0.6610937118530273 0.08973437547683716 0.054145872592926025
1 0.7024219036102295 0.6629791259765625 0.05181246995925903 0.04325002431869507
1 0.14657030999660492 0.8229374885559082 0.29314061999320984 0.2409999966621399
1 0.11484374850988388 0.8920312523841858 0.22343750298023224 0.20760416984558105
1 0.5862890481948853 0.667718768119812 0.061921894550323486 0.05431252717971802
4 0.69140625 0.7888749837875366 0.1265624761581421 0.2277500033378601
4 0.3539062440395355 0.8833333253860474 0.27656251192092896 0.22083330154418945
10 0.6687500476837158 0.6385416984558105 0.050000011920928955 0.07291668653488159
0 0.983593761920929 0.6447916626930237 0.01718747615814209 0.052083373069763184
