1 0.05225000157952309 0.5831458568572998 0.10450000315904617 0.2044999897480011
3 0.5418593883514404 0.5494270920753479 0.6994374990463257 0.7303124666213989
1 0.9694843888282776 0.5978854298591614 0.061031222343444824 0.09452080726623535
1 0.1769140660762787 0.49402081966400146 0.033015623688697815 0.03362497687339783
1 0.14118750393390656 0.4880833327770233 0.026374995708465576 0.030958354473114014
1 0.1117265596985817 0.4829166531562805 0.020640626549720764 0.022624999284744263
1 0.06352344155311584 0.47866666316986084 0.0162656232714653 0.01862502098083496
1 0.14539843797683716 0.49197918176651 0.012328118085861206 0.023458361625671387
1 0.190304696559906 0.49790626764297485 0.01948438584804535 0.03464582562446594
1 0.9068281650543213 0.5779687166213989 0.05268746614456177 0.09514588117599487
1 0.15920312702655792 0.49185413122177124 0.01925000548362732 0.03108331561088562
1 0.19646093249320984 0.5026145577430725 0.005546882748603821 0.027937501668930054
1 0.12484375387430191 0.48732292652130127 0.017218753695487976 0.022937506437301636
3 0.109375 0.46875 0.04374999552965164 0.012499988079071045
1 0.09531249850988388 0.4833333492279053 0.01874999701976776 0.016666680574417114
1 0.0859375 0.4833333492279053 0.009375005960464478 0.016666680574417114
