1 0.07581250369548798 0.4341452121734619 0.07637500017881393 0.11447307467460632
1 0.5952187776565552 0.7586885094642639 0.2578750252723694 0.28590166568756104
3 0.8403593301773071 0.5404449701309204 0.3163437247276306 0.5101170539855957
3 0.6512421369552612 0.40921545028686523 0.1648281216621399 0.23276349902153015
0 0.8495078086853027 0.7121545672416687 0.09276562929153442 0.2862294912338257
0 0.4720703363418579 0.4416861832141876 0.02045312523841858 0.05185014009475708
0 0.4047577977180481 0.709601879119873 0.10326561331748962 0.29976582527160645
0 0.5967890620231628 0.5557025671005249 0.03789067268371582 0.0587119460105896
0 0.39850783348083496 0.5464637279510498 0.01860937476158142 0.04163938760757446
0 0.442257821559906 0.3809133470058441 0.007203131914138794 0.019250571727752686
0 0.49953123927116394 0.5206908583641052 0.02990621328353882 0.07857143878936768
0 0.48578906059265137 0.4989578425884247 0.022296875715255737 0.05983608961105347
0 0.5805937647819519 0.5071545839309692 0.025406241416931152 0.031733036041259766
0 0.38732030987739563 0.6055854558944702 0.041234374046325684 0.08887583017349243
1 0.025085939094424248 0.5086065530776978 0.04764062538743019 0.10896956920623779
10 0.13014063239097595 0.3376932144165039 0.07278124988079071 0.12508195638656616
0 0.4183984398841858 0.40399298071861267 0.01860937476158142 0.04817330837249756
1 0.02123437449336052 0.5428688526153564 0.04100000113248825 0.17412176728248596
0 0.35426563024520874 0.6593911051750183 0.0455000102519989 0.22042155265808105
5 0.07109375298023224 0.6920374631881714 0.06093750149011612 0.25526928901672363
5 0.012500000186264515 0.7060890197753906 0.02187499962747097 0.2552693486213684
5 0.02265625074505806 0.6967213153839111 0.01406249962747097 0.1334894895553589
0 0.7718750238418579 0.7119438052177429 0.09062498807907104 0.2950819730758667
0 0.7109375 0.7177985906600952 0.05624997615814209 0.28805625438690186
