1 0.049921877682209015 0.5407882332801819 0.024031247943639755 0.03960001468658447
1 0.5445781350135803 0.5038940906524658 0.036499977111816406 0.058517634868621826
9 0.5400390625 0.6446470618247986 0.0543593168258667 0.12552940845489502
9 0.6237968802452087 0.658329427242279 0.10634374618530273 0.17712938785552979
9 0.5085155963897705 0.7308706045150757 0.11665624380111694 0.2161882519721985
9 0.40202343463897705 0.7701058983802795 0.10132813453674316 0.3492000102996826
9 0.2551797032356262 0.7471529245376587 0.0970468819141388 0.28235292434692383
0 0.6289843916893005 0.5405294299125671 0.06421875953674316 0.13094118237495422
0 0.17167186737060547 0.5933529138565063 0.06678123772144318 0.16792941093444824
9 0.8752187490463257 0.681917667388916 0.15968751907348633 0.22675293684005737
0 0.03593749925494194 0.7047058343887329 0.06875000149011612 0.3647058606147766
