0 0.09532812237739563 0.8607395887374878 0.11565624922513962 0.27685415744781494
0 0.9024765491485596 0.8806250095367432 0.03907811641693115 0.09049999713897705
0 0.6179765462875366 0.8973125219345093 0.04842185974121094 0.19045835733413696
5 0.9426796436309814 0.9583125114440918 0.09042185544967651 0.08233332633972168
0 0.4749765396118164 0.7705312371253967 0.036859363317489624 0.051104187965393066
0 0.019046874716877937 0.8387395739555359 0.03496875241398811 0.09535419940948486
0 0.33015623688697815 0.8997916579246521 0.10796874761581421 0.2004166841506958
0 0.43828123807907104 0.8239583373069763 0.029687494039535522 0.052083373069763184
0 0.6687500476837158 0.8989583253860474 0.08125001192092896 0.1937500238418579
0 0.7390625476837158 0.9156249761581421 0.06562501192092896 0.16458332538604736
