3 0.769472062587738 0.21460936963558197 0.4610558748245239 0.42021873593330383
0 0.4189441204071045 0.24317969381809235 0.07341614365577698 0.15639063715934753
0 0.09496894478797913 0.13350000977516174 0.04824016988277435 0.038218751549720764
0 0.06512422859668732 0.13718751072883606 0.03211180120706558 0.05584375560283661
0 0.34841614961624146 0.16575780510902405 0.03964805603027344 0.12870313227176666
0 0.17243272066116333 0.17011718451976776 0.0470186322927475 0.13939061760902405
0 0.478819876909256 0.1413906216621399 0.03300207853317261 0.09137499332427979
0 0.1515217423439026 0.2022421956062317 0.07368529587984085 0.1631718873977661
0 0.2888198792934418 0.21328124403953552 0.1552795171737671 0.1484375
5 0.5538302659988403 0.5726562738418579 0.34161490201950073 0.7046874761581421
10 0.06832297891378403 0.20234374701976776 0.13664595782756805 0.34843751788139343
