1 0.6125725507736206 0.49098438024520874 0.3314776122570038 0.15293753147125244
1 0.5154881477355957 0.33857810497283936 0.19108179211616516 0.06103125214576721
1 0.7105541229248047 0.3115547001361847 0.16701847314834595 0.07160937786102295
1 0.9445250630378723 0.3172343969345093 0.10794198513031006 0.060593754053115845
0 0.11506596207618713 0.41121095418930054 0.11715039610862732 0.16704687476158142
0 0.03791556507349014 0.3081640601158142 0.06970976293087006 0.095703125
0 0.04485487937927246 0.23178906738758087 0.028443273156881332 0.056796878576278687
1 0.5292744040489197 0.43714842200279236 0.2933772802352905 0.14445310831069946
1 0.7849603891372681 0.6031249761581421 0.4300791621208191 0.21562498807907104
1 0.009234828874468803 0.22968751192092896 0.013192612677812576 0.02812500298023224
