0 0.4752734303474426 0.7484859228134155 0.0786719024181366 0.3152347803115845
0 0.5523359775543213 0.7319014072418213 0.07042187452316284 0.33924877643585205
0 0.6121171712875366 0.7201760411262512 0.09107810258865356 0.3741079568862915
1 0.11329687386751175 0.7295070290565491 0.2265937477350235 0.4871830940246582
1 0.8301015496253967 0.7314554452896118 0.33832812309265137 0.3962441086769104
0 0.1603125035762787 0.8907746076583862 0.03984375298023224 0.041126787662506104
0 0.4312500059604645 0.7359155416488647 0.0625 0.31220656633377075
0 0.3539062738418579 0.7382628917694092 0.09531250596046448 0.30751174688339233
0 0.7898437976837158 0.6044601202011108 0.051562488079071045 0.11971831321716309
0 0.29296875 0.7053990364074707 0.09218750894069672 0.3215962052345276
