0 0.42374998331069946 0.5912500023841858 0.03749999403953552 0.10249996185302734
0 0.16750000417232513 0.6649999618530273 0.06499999761581421 0.1899999976158142
0 0.5125000476837158 0.6162500381469727 0.050000011920928955 0.12250000238418579
0 0.4449999928474426 0.5499999523162842 0.02000001072883606 0.050000011920928955
0 0.48750001192092896 0.5824999809265137 0.034999996423721313 0.09499996900558472
0 0.5325000286102295 0.5987499952316284 0.0350000262260437 0.11750000715255737
0 0.39625000953674316 0.5375000238418579 0.01750001311302185 0.0350000262260437
1 0.2737500071525574 0.5824999809265137 0.07250000536441803 0.07499998807907104
1 0.13374999165534973 0.6449999809265137 0.24249999225139618 0.1899999976158142
1 0.06624999642372131 0.7875000238418579 0.1274999976158142 0.24500000476837158
0 0.3149999976158142 0.5575000047683716 0.030000001192092896 0.06000000238418579
