1 0.20250000059604645 0.5600000023841858 0.04499998688697815 0.04499995708465576
2 0.1912499964237213 0.5449999570846558 0.04749999940395355 0.04500001668930054
1 0.02250000089406967 0.6162500381469727 0.04500000178813934 0.13249999284744263
1 0.04500000178813934 0.5724999904632568 0.05000000074505806 0.050000011920928955
9 0.8925000429153442 0.6024999618530273 0.050000011920928955 0.05500000715255737
9 0.6087499856948853 0.6162500381469727 0.052500009536743164 0.08250004053115845
0 0.8987500071525574 0.5525000095367432 0.03750002384185791 0.07999998331069946
9 0.9312499761581421 0.5850000381469727 0.04749995470046997 0.06999999284744263
0 0.29250001907348633 0.5525000095367432 0.025000005960464478 0.05500000715255737
4 0.6237499713897705 0.7937500476837158 0.3525000214576721 0.23250001668930054
4 0.5287500023841858 0.7037500143051147 0.26250001788139343 0.1524999737739563
4 0.3412500023841858 0.6625000238418579 0.13249999284744263 0.09999996423721313
4 0.3075000047683716 0.6287499666213989 0.11500000953674316 0.07750004529953003
4 0.2775000035762787 0.6124999523162842 0.08999998867511749 0.06000000238418579
4 0.2475000023841858 0.5950000286102295 0.08999998867511749 0.05500000715255737
4 0.42250001430511475 0.6787500381469727 0.17999997735023499 0.11250001192092896
