1 0.5798359513282776 0.6606093645095825 0.04770314693450928 0.09181249141693115
10 0.7900624871253967 0.823742151260376 0.41987502574920654 0.345328152179718
3 0.3711796998977661 0.6719374656677246 0.3767343759536743 0.359499990940094
0 0.6150000095367432 0.7496874928474426 0.057624995708465576 0.13065624237060547
0 0.6585155725479126 0.6069843769073486 0.02809375524520874 0.09525001049041748
0 0.6927422285079956 0.597000002861023 0.04001563787460327 0.08646869659423828
1 0.8712421655654907 0.8652577996253967 0.2575156092643738 0.26948440074920654
1 0.06817187368869781 0.6288203001022339 0.10199999809265137 0.07667189836502075
1 0.16496093571186066 0.603515625 0.07814061641693115 0.06193745136260986
1 0.01366406213492155 0.6390390396118164 0.0273281242698431 0.08310937881469727
