1 0.6524218320846558 0.7333333492279053 0.1951562762260437 0.15054166316986084
1 0.529546856880188 0.6989270448684692 0.11753126978874207 0.09564584493637085
1 0.37247657775878906 0.6791458129882812 0.06557813286781311 0.062541663646698
1 0.43845313787460327 0.686833381652832 0.08556249737739563 0.0715833306312561
3 0.7152578234672546 0.6058437824249268 0.17573440074920654 0.05797916650772095
5 0.2951640486717224 0.8195208311080933 0.06035938858985901 0.17804169654846191
0 0.17335155606269836 0.8338124752044678 0.1060781329870224 0.32879167795181274
0 0.019578125327825546 0.7916874885559082 0.03812500089406967 0.2252500057220459
0 0.03154687583446503 0.7104479074478149 0.027562500908970833 0.10593748092651367
0 0.09332031011581421 0.6924583315849304 0.028703123331069946 0.09420835971832275
1 0.3025546669960022 0.6342812776565552 0.07510939240455627 0.027104198932647705
1 0.6351406574249268 0.6601041555404663 0.10312503576278687 0.040875017642974854
1 0.48170310258865356 0.6670833230018616 0.029156237840652466 0.033625006675720215
1 0.2477422058582306 0.585770845413208 0.015421882271766663 0.014916658401489258
0 0.13936719298362732 0.6537292003631592 0.011421874165534973 0.04137498140335083
0 0.30078125 0.6674791574478149 0.013187527656555176 0.057624995708465576
0 0.2639140486717224 0.672781229019165 0.017640620470046997 0.05272918939590454
0 0.28110939264297485 0.6634999513626099 0.013906270265579224 0.04454165697097778
0 0.2904062569141388 0.6699583530426025 0.009562492370605469 0.05212503671646118
0 0.3417109251022339 0.6601353883743286 0.018390625715255737 0.0557292103767395
0 0.022367186844348907 0.6787395477294922 0.025109373033046722 0.07902079820632935
2 0.8746093511581421 0.6870625019073486 0.24278122186660767 0.1775416135787964
0 0.06058593839406967 0.7001458406448364 0.02617187798023224 0.08916664123535156
0 0.12812499701976776 0.6583333015441895 0.015625 0.0458332896232605
4 0.31718748807907104 0.675000011920929 0.025000005960464478 0.0625
5 0.23906248807907104 0.8302083015441895 0.06562499701976776 0.16041666269302368
