1 0.6740859746932983 0.8314520120620728 0.14026564359664917 0.1532084345817566
3 0.26323437690734863 0.7492623329162598 0.21709376573562622 0.2796955704689026
3 0.5090078115463257 0.7516862154006958 0.21739062666893005 0.303372323513031
8 0.07753906399011612 0.8290398120880127 0.0332343764603138 0.16519904136657715
8 0.11131249368190765 0.8345901966094971 0.03162499517202377 0.1657143235206604
3 0.7704921960830688 0.7430444955825806 0.1532343626022339 0.25053858757019043
8 0.01028124988079071 0.8372365236282349 0.02056249976158142 0.1718032956123352
4 0.3179687559604645 0.83021080493927 0.0546875 0.16627639532089233
4 0.38593751192092896 0.8220140933990479 0.04999998211860657 0.17330211400985718
4 0.8453124761581421 0.8337236642837524 0.0625 0.16861826181411743
8 0.03593749925494194 0.834894597530365 0.04375000298023224 0.17564404010772705
