1 0.010757813230156898 0.6996041536331177 0.020359374582767487 0.1029583215713501
3 0.44798436760902405 0.5751562714576721 0.5771874785423279 0.6040208339691162
0 0.08846874535083771 0.6441666483879089 0.018375001847743988 0.06416666507720947
0 0.13001562654972076 0.6533020734786987 0.019593752920627594 0.07739579677581787
0 0.15778906643390656 0.6493124961853027 0.016390621662139893 0.05637502670288086
0 0.05173437297344208 0.6434270739555359 0.01781250163912773 0.0481874942779541
0 0.0723281279206276 0.6433229446411133 0.01028124988079071 0.04647916555404663
0 0.023789063096046448 0.6411666870117188 0.011703124269843102 0.047958314418792725
0 0.04609374701976776 0.6427083015441895 0.01093750074505806 0.0479167103767395
0 0.012500000186264515 0.6447916626930237 0.01250000111758709 0.04791665077209473
