1 0.34192490577697754 0.33219531178474426 0.3633333444595337 0.21451562643051147
1 0.9526056051254272 0.20949217677116394 0.09478873014450073 0.19367186725139618
1 0.2634741961956024 0.08291406184434891 0.14558686316013336 0.06792187690734863
1 0.2835211157798767 0.264710932970047 0.31366199254989624 0.14695310592651367
1 0.42992955446243286 0.11757811903953552 0.09539905190467834 0.07349999994039536
1 0.25670188665390015 0.042249999940395355 0.13293428719043732 0.0442499965429306
0 0.9801642894744873 0.09071093797683716 0.039671361446380615 0.044453129172325134
1 0.01707746461033821 0.030953126028180122 0.03415492922067642 0.047968748956918716
1 0.3502582311630249 0.0999453067779541 0.12610331177711487 0.06901561468839645
1 0.5363732576370239 0.12524999678134918 0.20091548562049866 0.09787499904632568
0 0.5023474097251892 0.5375000238418579 0.6666666269302368 0.65625
