5 0.9214296936988831 0.46518734097480774 0.11776566505432129 0.1260187029838562
0 0.08971093595027924 0.4589695334434509 0.09245312213897705 0.30903980135917664
0 0.14972656965255737 0.31908664107322693 0.03304688632488251 0.08548009395599365
0 0.48924219608306885 0.45734190940856934 0.06542184948921204 0.25894615054130554
0 0.8327422142028809 0.3893676698207855 0.0356406569480896 0.1784074902534485
0 0.9808906316757202 0.41346603631973267 0.03821873664855957 0.17297422885894775
0 0.8794062733650208 0.4106205999851227 0.0416562557220459 0.16428571939468384
0 0.9111719131469727 0.41110068559646606 0.030093729496002197 0.14074942469596863
0 0.24843749403953552 0.33723652362823486 0.03437499701976776 0.06088992953300476
4 0.727343738079071 0.5245901346206665 0.3515625 0.42154568433761597
1 0.9304687976837158 0.38992974162101746 0.06718748807907104 0.10070258378982544
3 0.6749999523162842 0.26814988255500793 0.07499998807907104 0.18501169979572296
