4 0.9224452972412109 0.5711805820465088 0.15435940027236938 0.31280556321144104
1 0.21432814002037048 0.4481250047683716 0.21800000965595245 0.2274722158908844
1 0.9585781097412109 0.34134721755981445 0.041343748569488525 0.0628611147403717
0 0.38671875 0.5905277729034424 0.22306251525878906 0.7909444570541382
0 0.7399218678474426 0.5862361192703247 0.16474997997283936 0.8275277614593506
4 0.5307577848434448 0.7512500286102295 0.1492343544960022 0.4975000023841858
0 0.6144297122955322 0.6002777814865112 0.1437968611717224 0.7476667165756226
4 0.840999960899353 0.43654167652130127 0.05790621042251587 0.23247221112251282
4 0.9683203101158142 0.44462499022483826 0.06198441982269287 0.07813888788223267
1 0.537765622138977 0.394986093044281 0.12731251120567322 0.15436109900474548
1 0.6767187118530273 0.3604166507720947 0.032812535762786865 0.08677777647972107
0 0.8092890977859497 0.7380694150924683 0.08364063501358032 0.5238611102104187
1 0.844531238079071 0.3638888895511627 0.0859375 0.10555553436279297
5 0.9242187738418579 0.3986111283302307 0.0546875 0.15833333134651184
