2 0.9628437757492065 0.30171874165534973 0.07431250810623169 0.18903124332427979
0 0.6966328024864197 0.3799140453338623 0.1348280906677246 0.30982813239097595
0 0.5561484098434448 0.36408594250679016 0.09526562690734863 0.23473437130451202
0 0.4864843487739563 0.2895468771457672 0.05421873927116394 0.17000001668930054
0 0.8798515796661377 0.3296171724796295 0.07220309972763062 0.2012656182050705
0 0.6165937185287476 0.2913827896118164 0.04143744707107544 0.134828120470047
0 0.6441797018051147 0.2848125100135803 0.03023439645767212 0.09962500631809235
0 0.4048515558242798 0.2388046830892563 0.03173437714576721 0.05876561999320984
0 0.534835934638977 0.2619609534740448 0.03535938262939453 0.07695312798023224
1 0.9218906164169312 0.3014843761920929 0.039187490940093994 0.1457500010728836
0 0.5606015920639038 0.24486719071865082 0.08057814836502075 0.08348438143730164
0 0.688281238079071 0.25 0.0390625 0.053125008940696716
0 0.42656248807907104 0.38593751192092896 0.11249998211860657 0.3187500238418579
0 0.27734375 0.57421875 0.3984375 0.7265625
