2 0.5049999952316284 0.8037500381469727 0.9249999523162842 0.38749998807907104
0 0.03999999910593033 0.7137500047683716 0.07999999821186066 0.22249996662139893
0 0.0949999988079071 0.8012499809265137 0.125 0.29250001907348633
0 0.23125000298023224 0.6887500286102295 0.10249999165534973 0.1774999499320984
10 0.13875000178813934 0.5525000095367432 0.27250000834465027 0.17499998211860657
0 0.02500000037252903 0.6237499713897705 0.04000000283122063 0.07250005006790161
0 0.12250000238418579 0.6237499713897705 0.07499999552965164 0.08750003576278687
0 0.20500001311302185 0.6087499856948853 0.04500000178813934 0.0975000262260437
0 0.14750000834465027 0.6899999976158142 0.04999999701976776 0.12999999523162842
0 0.29374998807907104 0.6449999809265137 0.04249998927116394 0.15000003576278687
0 0.9087499976158142 0.6637499928474426 0.09249997138977051 0.18250000476837158
0 0.9387500286102295 0.612500011920929 0.05249994993209839 0.12000000476837158
0 0.5199999809265137 0.6037499904632568 0.04500001668930054 0.06749999523162842
0 0.4287499785423279 0.6212500333786011 0.04249998927116394 0.0975000262260437
0 0.9787499904632568 0.6437499523162842 0.04250001907348633 0.13749998807907104
0 0.7137500047683716 0.5762500166893005 0.07749998569488525 0.06749999523162842
