8 0.20000000298023224 0.8174999952316284 0.19500002264976501 0.36000001430511475
0 0.0625 0.8350000381469727 0.12000000476837158 0.32499998807907104
0 0.17624999582767487 0.6625000238418579 0.20750001072883606 0.17000001668930054
0 0.5837500095367432 0.7899999618530273 0.09249997138977051 0.32999998331069946
0 0.48500001430511475 0.7787500023841858 0.10000002384185791 0.2825000286102295
0 0.6949999928474426 0.7775000333786011 0.09500002861022949 0.2900000214576721
0 0.7675000429153442 0.7662500143051147 0.08499997854232788 0.30250000953674316
8 0.8500000238418579 0.7337499856948853 0.08499997854232788 0.2475000023841858
8 0.7412499785423279 0.6287499666213989 0.0625 0.08750003576278687
8 0.6512500047683716 0.7200000286102295 0.05750000476837158 0.20999997854232788
8 0.9237500429153442 0.6212500333786011 0.03249996900558472 0.11250001192092896
8 0.7737500071525574 0.5862500071525574 0.047500014305114746 0.05750000476837158
8 0.8787499666213989 0.6000000238418579 0.0274999737739563 0.07499998807907104
0 0.9724999666213989 0.6787499785423279 0.05500000715255737 0.18250000476837158
0 0.5112500190734863 0.6312500238418579 0.04250001907348633 0.07750004529953003
0 0.5612499713897705 0.6399999856948853 0.05749994516372681 0.10000002384185791
8 0.8574999570846558 0.5475000143051147 0.030000030994415283 0.0350000262260437
