8 0.13249999284744263 0.637499988079071 0.054999999701976776 0.1549999713897705
8 0.2512499988079071 0.6187499761581421 0.04749999940395355 0.14749997854232788
0 0.2900000214576721 0.6312500238418579 0.04499998688697815 0.13749998807907104
8 0.3462499976158142 0.6387499570846558 0.052500009536743164 0.13749998807907104
8 0.3824999928474426 0.6324999928474426 0.04499998688697815 0.1549999713897705
8 0.4699999988079071 0.6274999976158142 0.050000011920928955 0.1549999713897705
8 0.5024999976158142 0.6162500381469727 0.03999999165534973 0.12250000238418579
8 0.4075000286102295 0.6212500333786011 0.030000001192092896 0.14749997854232788
1 0.7024999856948853 0.5275000333786011 0.0350000262260437 0.030000030994415283
4 0.7649999856948853 0.5287500023841858 0.029999971389770508 0.04250001907348633
