7 0.21375000476837158 0.8300000429153442 0.19749999046325684 0.3399999737739563
7 0.48750001192092896 0.7524999976158142 0.11000001430511475 0.2849999666213989
7 0.6062500476837158 0.6449999809265137 0.14749997854232788 0.17000001668930054
7 0.17499999701976776 0.6200000047683716 0.06499999761581421 0.08000004291534424
7 0.2537499964237213 0.7062499523162842 0.16750000417232513 0.2475000023841858
7 0.3987500071525574 0.7549999952316284 0.0925000011920929 0.3700000047683716
7 0.32625001668930054 0.6150000095367432 0.08750000596046448 0.15999996662139893
1 0.8337500095367432 0.5237500071525574 0.04250001907348633 0.027500033378601074
1 0.9737499952316284 0.5349999666213989 0.047500014305114746 0.04000002145767212
1 0.9612500071525574 0.5237500071525574 0.047500014305114746 0.03250002861022949
1 0.8462499976158142 0.5074999928474426 0.027500033378601074 0.034999966621398926
0 0.7637499570846558 0.5212500095367432 0.017499983310699463 0.047500014305114746
4 0.48750001192092896 0.5600000023841858 0.030000001192092896 0.039999961853027344
