4 0.6862499713897705 0.5525000095367432 0.0625 0.06499999761581421
0 0.768750011920929 0.5687500238418579 0.03750002384185791 0.08250004053115845
0 0.8400000333786011 0.543749988079071 0.030000030994415283 0.0625
4 0.4675000011920929 0.5850000381469727 0.05500000715255737 0.06499999761581421
4 0.7112500071525574 0.5475000143051147 0.047500014305114746 0.05500000715255737
4 0.8862500190734863 0.7574999928474426 0.14249998331069946 0.23000001907348633
4 0.65625 0.7112500071525574 0.11249995231628418 0.2124999761581421
4 0.45249998569488525 0.6637499928474426 0.125 0.17750000953674316
0 0.2162500023841858 0.5687500238418579 0.042500004172325134 0.05750000476837158
4 0.2574999928474426 0.6662499904632568 0.13499999046325684 0.11250001192092896
0 0.14499999582767487 0.5600000023841858 0.025000005960464478 0.0549999475479126
4 0.32499998807907104 0.5750000476837158 0.03999999165534973 0.06000000238418579
