0 0.07874999940395355 0.6662499904632568 0.08249999582767487 0.1875
0 0.6762499809265137 0.6775000095367432 0.08750003576278687 0.23500001430511475
0 0.706250011920929 0.6487500071525574 0.052500009536743164 0.1875
2 0.7512500286102295 0.5475000143051147 0.08250004053115845 0.06499999761581421
1 0.2150000035762787 0.512499988079071 0.030000001192092896 0.029999971389770508
1 0.24375000596046448 0.5087499618530273 0.027499988675117493 0.0274999737739563
4 0.3137499988079071 0.5212500095367432 0.052500009536743164 0.03250002861022949
1 0.6649999618530273 0.5275000333786011 0.050000011920928955 0.0350000262260437
9 0.8899999856948853 0.6862499713897705 0.10000002384185791 0.14249998331069946
9 0.7799999713897705 0.6512500047683716 0.06499999761581421 0.07249999046325684
9 0.8650000095367432 0.6162499785423279 0.05500000715255737 0.052500009536743164
9 0.8224999904632568 0.5499999523162842 0.039999961853027344 0.050000011920928955
9 0.8237500190734863 0.5774999856948853 0.03249996900558472 0.04500001668930054
0 0.08499999344348907 0.5175000429153442 0.02499999850988388 0.04000002145767212
