1 0.7983672022819519 0.6174254417419434 0.15282809734344482 0.19604331254959106
1 0.6877343654632568 0.5910298228263855 0.11634373664855957 0.1749051809310913
1 0.5509140491485596 0.6907317042350769 0.15520310401916504 0.22113823890686035
3 0.21961718797683716 0.5582655668258667 0.4288593530654907 0.8509485125541687
0 0.7887343764305115 0.5037263035774231 0.022374987602233887 0.05233064293861389
1 0.025226561352610588 0.7793225049972534 0.047328125685453415 0.14850950241088867
1 0.01990625075995922 0.69356369972229 0.03981250151991844 0.04934960603713989
1 0.42200779914855957 0.7318021655082703 0.031390637159347534 0.18891596794128418
1 0.44921875 0.6151762008666992 0.0859375 0.08672088384628296
0 0.909375011920929 0.5338753461837769 0.078125 0.1571815311908722
