0 0.3168047070503235 0.6629257798194885 0.08682814240455627 0.3325764238834381
0 0.4750078022480011 0.59873366355896 0.05179685354232788 0.2034497857093811
0 0.5622109174728394 0.5806331634521484 0.07942187786102295 0.1490829586982727
0 0.5402030944824219 0.5261244773864746 0.01618748903274536 0.0783187747001648
0 0.5621328353881836 0.5108515024185181 0.0252344012260437 0.054454147815704346
0 0.42017969489097595 0.5522925853729248 0.01857811212539673 0.05746722221374512
9 0.41248437762260437 0.6039956212043762 0.040437519550323486 0.05615723133087158
1 0.8687578439712524 0.6941157579421997 0.2624843716621399 0.2446942925453186
1 0.7754062414169312 0.654486894607544 0.1460937261581421 0.2086244821548462
1 0.8392109870910645 0.5006222724914551 0.06782811880111694 0.06949782371520996
1 0.9767890572547913 0.5201964974403381 0.04642188549041748 0.054279446601867676
1 0.9532421827316284 0.49283841252326965 0.06517183780670166 0.02934497594833374
1 0.9159062504768372 0.48414847254753113 0.05409371852874756 0.04458516836166382
1 0.9288593530654907 0.4584388732910156 0.042093753814697266 0.04198691248893738
1 0.9520859122276306 0.4456331729888916 0.02995312213897705 0.04113540053367615
1 0.9835000038146973 0.4618667960166931 0.03299999237060547 0.0403275191783905
1 0.887624979019165 0.5281877517700195 0.1613437533378601 0.05039304494857788
2 0.9144999980926514 0.4399781823158264 0.04387497901916504 0.038515299558639526
1 0.7357812523841858 0.6008625030517578 0.07534372806549072 0.08622270822525024
1 0.8892109394073486 0.48218339681625366 0.04917192459106445 0.04899561405181885
0 0.4156250059604645 0.5753275156021118 0.03125 0.07641923427581787
