1 0.6804296970367432 0.6023653745651245 0.03314065933227539 0.033114731311798096
3 0.3761249780654907 0.524156928062439 0.3272499740123749 0.7145901322364807
0 0.19322656095027924 0.6731030344963074 0.040140628814697266 0.1975409984588623
0 0.15611718595027924 0.6667798757553101 0.05420312285423279 0.21084308624267578
0 0.06971094012260437 0.6775292754173279 0.03748437017202377 0.2089695930480957
0 0.5454297065734863 0.643747091293335 0.019546866416931152 0.0769086480140686
1 0.6643515825271606 0.5936299562454224 0.023421883583068848 0.02655738592147827
0 0.8309140801429749 0.6026580333709717 0.009078145027160645 0.03913348913192749
3 0.7288047075271606 0.5839461088180542 0.062359392642974854 0.07496482133865356
0 0.8818750381469727 0.6212060451507568 0.009812533855438232 0.05819672346115112
1 0.6612968444824219 0.5741217732429504 0.015749990940093994 0.011475443840026855
1 0.5934765338897705 0.559039831161499 0.019078075885772705 0.02309131622314453
1 0.5624921917915344 0.5722365379333496 0.020609378814697266 0.029110074043273926
1 0.6606093645095825 0.5877869129180908 0.02259373664855957 0.023629963397979736
0 0.81640625 0.6088992953300476 0.01718747615814209 0.04683840274810791
0 0.7906249761581421 0.601873517036438 0.012499988079071045 0.042154550552368164
0 0.7632812261581421 0.5936768054962158 0.004687488079071045 0.030444979667663574
0 0.893750011920929 0.635831356048584 0.015625 0.07728332281112671
0 0.8882812261581421 0.620608925819397 0.0078125 0.06088989973068237
0 0.9125000238418579 0.620608925819397 0.015625 0.05620604753494263
0 0.903124988079071 0.6264637112617493 0.00937497615814209 0.0585479736328125
0 0.9312499761581421 0.620608925819397 0.009375035762786865 0.05620604753494263
0 0.9421875476837158 0.6217798590660095 0.012499988079071045 0.0585479736328125
0 0.9460937976837158 0.6159250736236572 0.010937511920928955 0.051522254943847656
0 0.94921875 0.5983606576919556 0.0078125 0.025761127471923828
