1 0.2093828171491623 0.7373906373977661 0.11601564288139343 0.13612496852874756
1 0.07967968285083771 0.5548515915870667 0.15760937333106995 0.7947343587875366
1 0.9643203020095825 0.7737343907356262 0.07135939598083496 0.054468750953674316
2 0.4805546998977661 0.7541874647140503 0.0463280975818634 0.03740626573562622
7 0.402718722820282 0.7274922132492065 0.066468745470047 0.16689062118530273
1 0.2540546953678131 0.7320390939712524 0.042984381318092346 0.10695308446884155
2 0.8843593597412109 0.7577577829360962 0.054093778133392334 0.05701559782028198
10 0.8401405811309814 0.761843740940094 0.11040621995925903 0.08218753337860107
10 0.7549140453338623 0.7563281059265137 0.12267190217971802 0.07634371519088745
1 0.5680937767028809 0.759289026260376 0.026468753814697266 0.033265650272369385
1 0.6017265319824219 0.7586250305175781 0.06932812929153442 0.050124943256378174
1 0.2835937440395355 0.7484375238418579 0.020312488079071045 0.050000011920928955
7 0.6773437261581421 0.6734374761581421 0.25156253576278687 0.543749988079071
1 0.38203126192092896 0.75 0.06406250596046448 0.04999995231628418
1 0.4203124940395355 0.7554687261581421 0.012499988079071045 0.032812535762786865
1 0.42890626192092896 0.7531249523162842 0.029687494039535522 0.034375011920928955
