5 0.46754688024520874 0.7348295450210571 0.3049687445163727 0.2021266222000122
1 0.12943750619888306 0.4903084635734558 0.08481249958276749 0.07305195927619934
1 0.2251562476158142 0.44866883754730225 0.04225000739097595 0.03396102786064148
0 0.7630780935287476 0.6728003025054932 0.08418744802474976 0.29355520009994507
0 0.8631172180175781 0.6599594354629517 0.09182816743850708 0.32764607667922974
10 0.4801640510559082 0.5056087970733643 0.537359356880188 0.6255682110786438
3 0.14182031154632568 0.4219074547290802 0.09882812947034836 0.06095778942108154
1 0.03453906252980232 0.47000813484191895 0.06907812505960464 0.10092535614967346
1 0.15037500858306885 0.44713473320007324 0.04681248962879181 0.05975648760795593
0 0.9815546870231628 0.505073070526123 0.036421895027160645 0.06621754169464111
0 0.7453047037124634 0.490803599357605 0.037796854972839355 0.05696430802345276
1 0.08611718565225601 0.44447240233421326 0.07720312476158142 0.045373380184173584
0 0.9488359689712524 0.48926132917404175 0.03323441743850708 0.06349024176597595
