1 0.9494296908378601 0.7559229135513306 0.10114061832427979 0.34623831510543823
10 0.14474999904632568 0.5666121244430542 0.12562501430511475 0.16878503561019897
1 0.7191562652587891 0.6731191873550415 0.2812187671661377 0.3521729111671448
5 0.3248046636581421 0.597476601600647 0.05504688620567322 0.21626168489456177
5 0.3978046774864197 0.5605841279029846 0.01926562190055847 0.12313082814216614
0 0.47093749046325684 0.5333060622215271 0.018812507390975952 0.06792053580284119
0 0.23175781965255737 0.5301752686500549 0.02042187750339508 0.07764020562171936
4 0.04697656258940697 0.5185397267341614 0.0306093767285347 0.048621535301208496
0 0.43995311856269836 0.5434930324554443 0.01787501573562622 0.10806077718734741
0 0.3808906078338623 0.569789707660675 0.02121874690055847 0.07140183448791504
10 0.906906247138977 0.6262967586517334 0.18318748474121094 0.2830139994621277
5 0.36512500047683716 0.5899883508682251 0.03606247901916504 0.09679907560348511
10 0.14564843475818634 0.5221846103668213 0.15779688954353333 0.2000700831413269
1 0.18984374403953552 0.6004672646522522 0.12031249701976776 0.1355140209197998
1 0.9515625238418579 0.677570104598999 0.09375 0.20093458890914917
5 0.28046876192092896 0.5549065470695496 0.03593751788139343 0.11915886402130127
