0 0.5649999976158142 0.6387499570846558 0.08500003814697266 0.14749997854232788
0 0.4749999940395355 0.6200000047683716 0.05500000715255737 0.13499999046325684
0 0.7424999475479126 0.5774999856948853 0.06999999284744263 0.08499997854232788
2 0.9337500333786011 0.5900000333786011 0.1274999976158142 0.09999996423721313
0 0.02250000089406967 0.6150000095367432 0.04500000178813934 0.13999998569488525
0 0.10750000178813934 0.612500011920929 0.07499999552965164 0.11000001430511475
4 0.3425000011920929 0.5774999856948853 0.05500000715255737 0.07499998807907104
0 0.6637499928474426 0.5399999618530273 0.03750002384185791 0.05500000715255737
0 0.5425000190734863 0.543749988079071 0.019999980926513672 0.04250001907348633
0 0.6137499809265137 0.5299999713897705 0.017499983310699463 0.04500001668930054
