1 0.21607813239097595 0.7411614656448364 0.1549375057220459 0.10661500692367554
0 0.855398416519165 0.44734513759613037 0.14039063453674316 0.4985398054122925
1 0.42652344703674316 0.7204645872116089 0.12120312452316284 0.07756638526916504
1 0.25885939598083496 0.6784623861312866 0.09715625643730164 0.053960204124450684
1 0.2802421748638153 0.698174774646759 0.08557812869548798 0.05480086803436279
1 0.43818747997283936 0.6653318405151367 0.10303124785423279 0.05464601516723633
1 0.16921094059944153 0.6689601540565491 0.060703128576278687 0.037168145179748535
1 0.9440234303474426 0.7079645991325378 0.11195313930511475 0.17061948776245117
1 0.09360937774181366 0.7242699265480042 0.06056249886751175 0.07132744789123535
1 0.2644999921321869 0.6481084227561951 0.05671875178813934 0.026349544525146484
1 0.10174218565225601 0.6650110483169556 0.055328115820884705 0.037898242473602295
1 0.07343749701976776 0.6486172676086426 0.03418750315904617 0.024535417556762695
1 0.47514843940734863 0.6527433395385742 0.038359373807907104 0.031194686889648438
5 0.7203124761581421 0.6404867172241211 0.421875 0.5862832069396973
