1 0.566706657409668 0.7182799577713013 0.23746666312217712 0.14428001642227173
1 0.7968400120735168 0.8102400302886963 0.4054666757583618 0.28748005628585815
1 0.5051599740982056 0.6641700267791748 0.1265866458415985 0.06258004903793335
1 0.48372000455856323 0.6587399840354919 0.10386669635772705 0.06216001510620117
3 0.7878533601760864 0.5941200256347656 0.3437599539756775 0.2279999852180481
0 0.3169066607952118 0.6482100486755371 0.025600016117095947 0.08406001329421997
1 0.5336933135986328 0.6211600303649902 0.0653066635131836 0.02656000852584839
1 0.97489333152771 0.6430200338363647 0.04434669017791748 0.04891997575759888
1 0.43612000346183777 0.6489499807357788 0.08392000198364258 0.05022001266479492
0 0.33932000398635864 0.6268199682235718 0.028079986572265625 0.057079970836639404
2 0.594040036201477 0.6223399639129639 0.05970662832260132 0.03347998857498169
1 0.4440000057220459 0.6150000095367432 0.06666666269302368 0.026000022888183594
