1 0.7412734627723694 0.6123437881469727 0.083984375 0.0729791522026062
3 0.6057656407356262 0.5697187185287476 0.11543750762939453 0.1575208306312561
0 0.7547734379768372 0.5689791440963745 0.006921887397766113 0.015791654586791992
8 0.45133593678474426 0.6095207929611206 0.03132814168930054 0.13774996995925903
8 0.4962812662124634 0.6019062399864197 0.03478124737739563 0.1391458511352539
8 0.5146484375 0.5992083549499512 0.02564060688018799 0.11379164457321167
8 0.5401718616485596 0.5914374589920044 0.029124975204467773 0.09670835733413696
0 0.9438046813011169 0.6064687371253967 0.024515628814697266 0.09452080726623535
0 0.8914609551429749 0.5927187204360962 0.024296879768371582 0.08143752813339233
0 0.6865000128746033 0.5798646211624146 0.013031244277954102 0.04989582300186157
9 0.35993748903274536 0.5700104236602783 0.016593754291534424 0.037104129791259766
0 0.9842265844345093 0.6007187366485596 0.030328094959259033 0.11197918653488159
8 0.4795468747615814 0.5971354246139526 0.018437504768371582 0.12460416555404663
0 0.8585234880447388 0.5956250429153442 0.023765623569488525 0.07616668939590454
8 0.4375 0.565625011920929 0.02187502384185791 0.04791665077209473
