1 0.839173436164856 0.6484218835830688 0.06435483694076538 0.041999995708465576
1 0.7746572494506836 0.6558359265327454 0.08778226375579834 0.04770314693450928
0 0.38070565462112427 0.8797343969345093 0.13145160675048828 0.23771876096725464
0 0.46130040287971497 0.8813984394073486 0.08235889673233032 0.22476565837860107
0 0.8602419495582581 0.9053984880447388 0.09403228759765625 0.18760937452316284
0 0.543054461479187 0.7529218792915344 0.06163305044174194 0.13524997234344482
0 0.38101816177368164 0.6859296560287476 0.03538307547569275 0.0760156512260437
0 0.28593748807907104 0.697585940361023 0.04292339086532593 0.08467185497283936
1 0.9493447542190552 0.6277421712875366 0.03336691856384277 0.029640614986419678
0 0.9056048393249512 0.8891093730926514 0.08233869075775146 0.22178125381469727
0 0.4969758093357086 0.831250011920929 0.09475809335708618 0.21875
0 0.33870968222618103 0.6929687261581421 0.048387110233306885 0.09531253576278687
0 0.2348790317773819 0.6937500238418579 0.04637095332145691 0.050000011920928955
0 0.20564515888690948 0.7328125238418579 0.024193555116653442 0.11562496423721313
6 0.16431450843811035 0.7406250238418579 0.030241921544075012 0.10624998807907104
0 0.9415322542190552 0.9195312261581421 0.044354796409606934 0.15468746423721313
