0 0.04999999701976776 0.7237499952316284 0.0949999988079071 0.22249996662139893
4 0.03500000014901161 0.8112499713897705 0.07000000029802322 0.2225000262260437
4 0.4699999988079071 0.6100000143051147 0.06999999284744263 0.13499999046325684
0 0.8237500190734863 0.5987499952316284 0.047500014305114746 0.13750004768371582
0 0.9049999713897705 0.6175000071525574 0.06999999284744263 0.1499999761581421
0 0.8500000238418579 0.5687500238418579 0.0350000262260437 0.0975000262260437
0 0.7837499976158142 0.5800000429153442 0.03750002384185791 0.09499996900558472
0 0.7737500071525574 0.5387499928474426 0.05750000476837158 0.05750000476837158
10 0.6299999952316284 0.5562499761581421 0.04999995231628418 0.08750003576278687
2 0.5462499856948853 0.5062500238418579 0.0274999737739563 0.0274999737739563
0 0.3349999785423279 0.5287500023841858 0.025000005960464478 0.047500014305114746
2 0.17249999940395355 0.5 0.08000001311302185 0.04499998688697815
