7 0.275390625 0.5304765701293945 0.30859375 0.4546718895435333
1 0.8674609661102295 0.45564842224121094 0.18789058923721313 0.09495314955711365
1 0.7611132860183716 0.42759376764297485 0.1342187523841858 0.093812495470047
1 0.1797753870487213 0.48988282680511475 0.16853515803813934 0.1842656433582306
1 0.5907031297683716 0.41792967915534973 0.06656253337860107 0.049046874046325684
10 0.474853515625 0.36894530057907104 0.04388672113418579 0.03192189335823059
10 0.4001074433326721 0.3381875157356262 0.041230469942092896 0.02462497353553772
1 0.42720702290534973 0.334046870470047 0.025195300579071045 0.015187501907348633
1 0.44300782680511475 0.3440625071525574 0.026796847581863403 0.017062485218048096
1 0.986523449420929 0.496695339679718 0.024687528610229492 0.07901564240455627
1 0.5473241806030273 0.4172031283378601 0.0372655987739563 0.04103124141693115
1 0.48828125 0.3849531412124634 0.046640634536743164 0.025437504053115845
1 0.6697655916213989 0.4215390682220459 0.10578125715255737 0.07432812452316284
1 0.6064453125 0.4273437559604645 0.052734375 0.0546875
1 0.4638671875 0.36328125 0.033203125 0.026562511920928955
1 0.45703125 0.3578124940395355 0.01953125 0.018750011920928955
1 0.4462890625 0.36015623807907104 0.009765625 0.020312517881393433
