1 0.31590625643730164 0.626353919506073 0.055468738079071045 0.13627076148986816
3 0.6218437552452087 0.4828147292137146 0.20618748664855957 0.4820665121078491
0 0.8171796798706055 0.6753562688827515 0.0787968635559082 0.28857481479644775
0 0.411320298910141 0.6432422399520874 0.037109375 0.20515435934066772
0 0.3487187623977661 0.655510663986206 0.04456248879432678 0.22717338800430298
0 0.8268516063690186 0.5627434253692627 0.024140655994415283 0.07641333341598511
0 0.26939064264297485 0.5815320611000061 0.01774999499320984 0.03826606273651123
9 0.11257031559944153 0.5807957053184509 0.012578122317790985 0.03931117057800293
9 0.16865625977516174 0.5795249342918396 0.03306250274181366 0.04769599437713623
0 0.9216718673706055 0.7455225586891174 0.1559687852859497 0.5089548826217651
10 0.41825780272483826 0.4952138066291809 0.21348434686660767 0.16382423043251038
0 0.8457499742507935 0.5665914416313171 0.015812456607818604 0.08182895183563232
1 0.19765624403953552 0.6496436595916748 0.1953125 0.1401425004005432
9 0.13046875596046448 0.5843230485916138 0.032812491059303284 0.05225652456283569
0 0.25312501192092896 0.5700712203979492 0.018749982118606567 0.028503596782684326
1 0.38359373807907104 0.6152019500732422 0.1953125 0.16152018308639526
0 0.8726562261581421 0.5748218297958374 0.017187535762786865 0.0950118899345398
3 0.789843738079071 0.5641330480575562 0.04843747615814209 0.09738713502883911
0 0.741406261920929 0.5748218297958374 0.01406252384185791 0.06175774335861206
9 0.15937499701976776 0.5819477438926697 0.015625 0.03800475597381592
