1 0.07750000059604645 0.6425000429153442 0.15000000596046448 0.15500003099441528
0 0.2512499988079071 0.5425000190734863 0.022499993443489075 0.05500000715255737
0 0.5549999475479126 0.7637499570846558 0.06999999284744263 0.26749998331069946
0 0.5562499761581421 0.6537500023841858 0.06749999523162842 0.14250004291534424
0 0.6449999809265137 0.7437499761581421 0.07999998331069946 0.30250000953674316
0 0.6825000047683716 0.6950000524520874 0.04499995708465576 0.19999998807907104
0 0.6175000071525574 0.6799999475479126 0.039999961853027344 0.18000000715255737
0 0.38999998569488525 0.5637500286102295 0.030000001192092896 0.07750004529953003
4 0.14499999582767487 0.5674999952316284 0.05000000447034836 0.04499995708465576
1 0.19624999165534973 0.5387499928474426 0.06750001013278961 0.05750000476837158
