1 0.799554705619812 0.5547775030136108 0.4000468850135803 0.4176580607891083
1 0.6265937089920044 0.39421546459198 0.1772187352180481 0.15873536467552185
9 0.30598437786102295 0.6051054000854492 0.11290623247623444 0.3775644302368164
9 0.7288203239440918 0.5916861891746521 0.21064060926437378 0.35695552825927734
9 0.9076172113418579 0.6824355721473694 0.1712968945503235 0.4392037093639374
9 0.34819531440734863 0.42868852615356445 0.08223438262939453 0.14477753639221191
5 0.04572656378149986 0.43819671869277954 0.08845312148332596 0.11236533522605896
1 0.7358906269073486 0.3613817095756531 0.10321879386901855 0.038782209157943726
1 0.8316484689712524 0.34241217374801636 0.09229689836502075 0.015269339084625244
1 0.17034375667572021 0.3910304307937622 0.0455312579870224 0.07498827576637268
9 0.19932031631469727 0.7077869176864624 0.39864063262939453 0.58442622423172
