3 0.5146484375 0.7841100692749023 0.2727968692779541 0.43135833740234375
3 0.10624218732118607 0.7030913233757019 0.17407812178134918 0.26196718215942383
3 0.3431718945503235 0.5890281200408936 0.11831250786781311 0.20817330479621887
0 0.4962734282016754 0.8438173532485962 0.10795313119888306 0.2898828983306885
3 0.6329296827316284 0.4068267047405243 0.09873437881469727 0.07885247468948364
0 0.7466875314712524 0.6603044271469116 0.01487499475479126 0.1251053810119629
0 0.9481797218322754 0.7282669544219971 0.046296894550323486 0.18796253204345703
0 0.5177656412124634 0.49522244930267334 0.016656219959259033 0.09016391634941101
0 0.5858750343322754 0.4446721076965332 0.017312467098236084 0.06170961260795593
5 0.7195546627044678 0.5501053333282471 0.03401559591293335 0.05098360776901245
3 0.23362499475479126 0.6716510653495789 0.08178125321865082 0.23463702201843262
3 0.2839062511920929 0.6212060451507568 0.09281249344348907 0.22718971967697144
3 0.42517969012260437 0.5292271375656128 0.08179688453674316 0.1356908679008484
3 0.4325000047683716 0.49048009514808655 0.078000009059906 0.1307494044303894
3 0.5474374890327454 0.4432786703109741 0.054000020027160645 0.09906324744224548
1 0.6065468788146973 0.5168735384941101 0.06174999475479126 0.07660424709320068
1 0.6632890701293945 0.4782435894012451 0.029703140258789062 0.061217814683914185
3 0.47889062762260437 0.4842154383659363 0.052874982357025146 0.1247306764125824
1 0.7168124914169312 0.5111123919487 0.07631254196166992 0.1166510283946991
0 0.790234386920929 0.6064871549606323 0.034343719482421875 0.14070254564285278
0 0.7763047218322754 0.6794261932373047 0.021671831607818604 0.10334891080856323
3 0.38492968678474426 0.5422365069389343 0.09620314836502075 0.13632318377494812
1 0.632031261920929 0.48009365797042847 0.04531252384185791 0.0655737817287445
0 0.6828124523162842 0.8770492076873779 0.18437498807907104 0.24590164422988892
