1 0.20232030749320984 0.5771666765213013 0.10045312345027924 0.13075000047683716
1 0.06071874871850014 0.5839375257492065 0.08034374564886093 0.10324996709823608
1 0.01654687523841858 0.5903229117393494 0.03309375047683716 0.18343746662139893
1 0.10621874779462814 0.5676875114440918 0.036406248807907104 0.06004166603088379
0 0.6246016025543213 0.5694791674613953 0.02632814645767212 0.11137497425079346
0 0.25528907775878906 0.5754791498184204 0.026984363794326782 0.09337502717971802
0 0.1244218721985817 0.554604172706604 0.00990624725818634 0.02308332920074463
0 0.1062031239271164 0.5363437533378601 0.005781248211860657 0.012354135513305664
0 0.2796874940395355 0.5802083015441895 0.018750011920928955 0.08958333730697632
3 0.44218748807907104 0.47187501192092896 0.3125 0.40625
