5 0.28125 0.8137500286102295 0.18250000476837158 0.2524999976158142
4 0.8999999761581421 0.6987500190734863 0.15500003099441528 0.11750000715255737
4 0.9550000429153442 0.7487499713897705 0.0899999737739563 0.1524999737739563
0 0.6625000238418579 0.5874999761581421 0.030000030994415283 0.0899999737739563
0 0.6137499809265137 0.5824999809265137 0.047500014305114746 0.07999998331069946
0 0.9087499976158142 0.606249988079071 0.047500014305114746 0.09249997138977051
0 0.8524999618530273 0.5887500047683716 0.06000000238418579 0.08249998092651367
0 0.8112499713897705 0.5762500166893005 0.03249996900558472 0.06749999523162842
9 0.4962499737739563 0.6324999928474426 0.052499979734420776 0.08500003814697266
9 0.33500000834465027 0.6162500381469727 0.06000000238418579 0.0975000262260437
9 0.44874998927116394 0.6124999523162842 0.05750000476837158 0.07499998807907104
9 0.36000001430511475 0.5850000381469727 0.030000001192092896 0.0350000262260437
9 0.3799999952316284 0.6012499928474426 0.034999996423721313 0.052500009536743164
9 0.5087499618530273 0.5987499952316284 0.03249996900558472 0.06749999523162842
0 0.6787500381469727 0.5525000095367432 0.02249997854232788 0.06000000238418579
