9 0.23000000417232513 0.7462500333786011 0.15000000596046448 0.21250003576278687
9 0.28999999165534973 0.6812499761581421 0.07499998807907104 0.10250002145767212
9 0.38999998569488525 0.7037500143051147 0.09000000357627869 0.14249998331069946
9 0.4150000214576721 0.6575000286102295 0.08000001311302185 0.09999996423721313
9 0.3087500035762787 0.6512500047683716 0.04250001907348633 0.07749998569488525
9 0.7337499856948853 0.6899999976158142 0.08749997615814209 0.11500000953674316
9 0.6812499761581421 0.6487500071525574 0.0625 0.09749996662139893
9 0.778749942779541 0.7462500333786011 0.12250000238418579 0.16249996423721313
9 0.5699999928474426 0.7087500095367432 0.09500002861022949 0.15250003337860107
9 0.5612499713897705 0.6537500023841858 0.0675000548362732 0.10749995708465576
