1 0.8095208406448364 0.8224140405654907 0.38095831871032715 0.16179686784744263
1 0.3447916805744171 0.9052578210830688 0.6895833611488342 0.1832343339920044
0 0.6119166612625122 0.7605781555175781 0.050999999046325684 0.12459379434585571
0 0.35214582085609436 0.7880547046661377 0.06583333015441895 0.12764060497283936
0 0.25061458349227905 0.7780078649520874 0.0534374862909317 0.11792188882827759
0 0.3749895691871643 0.744460940361023 0.040812522172927856 0.06504690647125244
0 0.5621770620346069 0.7646796703338623 0.0520208477973938 0.12120312452316284
0 0.5258333683013916 0.7640390396118164 0.0274999737739563 0.10004687309265137
0 0.20164582133293152 0.7788984775543213 0.0429999977350235 0.10845309495925903
0 0.7155624628067017 0.7417343854904175 0.04841667413711548 0.06371873617172241
0 0.4391458332538605 0.7761484384536743 0.04079169034957886 0.1320781707763672
0 0.2329791635274887 0.7514609098434448 0.022624999284744263 0.0476718544960022
0 0.3059270977973938 0.7726172208786011 0.052937477827072144 0.0994531512260437
3 0.8104166984558105 0.6984374523162842 0.2708333134651184 0.15937501192092896
10 0.9666666984558105 0.699999988079071 0.06666666269302368 0.07187497615814209
