1 0.7391093969345093 0.5776470899581909 0.08428126573562622 0.08705884218215942
3 0.32103127241134644 0.5123529434204102 0.4266875088214874 0.28823530673980713
1 0.6705077886581421 0.6027176380157471 0.10460937023162842 0.12298822402954102
1 0.07500000298023224 0.6243764758110046 0.15000000596046448 0.14767062664031982
0 0.7462344169616699 0.5906000137329102 0.02809375524520874 0.11362349987030029
0 0.7695937156677246 0.5999411940574646 0.01871877908706665 0.099082350730896
0 0.8880000114440918 0.6389176845550537 0.04656249284744263 0.2089882493019104
0 0.8522578477859497 0.6267058849334717 0.038078129291534424 0.14687061309814453
0 0.9368046522140503 0.63919997215271 0.04789060354232788 0.21505886316299438
0 0.5645703077316284 0.573941171169281 0.010984420776367188 0.046611785888671875
0 0.9137343764305115 0.6160117387771606 0.02721869945526123 0.14025884866714478
0 0.5421484708786011 0.5672352910041809 0.006921827793121338 0.03592944145202637
1 0.5940937399864197 0.5765529274940491 0.038187503814697266 0.0500941276550293
0 0.534375011920929 0.5811764597892761 0.02187502384185791 0.09411764144897461
1 0.8460937738418579 0.5870587825775146 0.07968753576278687 0.05882352590560913
0 0.9703124761581421 0.6105881929397583 0.021874964237213135 0.1482352614402771
