1 0.6698827743530273 0.42191314697265625 0.15889066457748413 0.10969483852386475
1 0.9543125033378601 0.46235916018486023 0.08975005149841309 0.15053993463516235
1 0.9031250476837158 0.4101525843143463 0.07087498903274536 0.0658450722694397
1 0.061726562678813934 0.38400232791900635 0.05170312523841858 0.04758217930793762
1 0.1304609328508377 0.40355634689331055 0.06070312112569809 0.0763145387172699
3 0.966992199420929 0.36921364068984985 0.06601560115814209 0.13035210967063904
0 0.1557343751192093 0.5041901469230652 0.0690625011920929 0.3676760494709015
0 0.8602578639984131 0.39475351572036743 0.023953139781951904 0.0824647843837738
0 0.840999960899353 0.4009624421596527 0.020437538623809814 0.08183097839355469
0 0.28515625 0.6338497400283813 0.2515624761581421 0.7277934551239014
1 0.021640624850988388 0.39208918809890747 0.04181250184774399 0.07422533631324768
0 0.7126094102859497 0.35961267352104187 0.023124992847442627 0.012934267520904541
0 0.7766327857971191 0.3973708748817444 0.025984346866607666 0.08399060368537903
0 0.7692656517028809 0.39145541191101074 0.014281213283538818 0.0664319097995758
1 0.4859375059604645 0.47300469875335693 0.29374998807907104 0.2136150598526001
0 0.4609375 0.566901445388794 0.12187501788139343 0.4107981324195862
0 0.647656261920929 0.36150234937667847 0.02968752384185791 0.01408451795578003
0 0.8984375 0.3720657229423523 0.02499997615814209 0.039906084537506104
