0 0.07000000029802322 0.5824999809265137 0.06000000238418579 0.0899999737739563
0 0.12250000238418579 0.7287499904632568 0.0949999988079071 0.24250000715255737
0 0.41624999046325684 0.6850000023841858 0.08250001072883606 0.1950000524520874
0 0.49000000953674316 0.6625000238418579 0.0599999725818634 0.1600000262260437
0 0.5199999809265137 0.6150000095367432 0.0350000262260437 0.12999999523162842
4 0.6412500143051147 0.668749988079071 0.0975000262260437 0.17250001430511475
4 0.6924999952316284 0.6299999952316284 0.08000004291534424 0.09500002861022949
4 0.8224999904632568 0.7425000071525574 0.12999999523162842 0.26499998569488525
4 0.893750011920929 0.6337499618530273 0.0625 0.12250000238418579
1 0.8899999856948853 0.5662500262260437 0.08499997854232788 0.05750000476837158
