0 0.029999999329447746 0.8600000143051147 0.05999999865889549 0.2749999761581421
0 0.1912499964237213 0.8474999666213989 0.1274999976158142 0.3050000071525574
5 0.1837500035762787 0.6462500095367432 0.14749999344348907 0.09749996662139893
5 0.22749999165534973 0.6074999570846558 0.10000000894069672 0.06499999761581421
5 0.2574999928474426 0.5687500238418579 0.06499999761581421 0.037499964237213135
4 0.4350000023841858 0.5362499952316284 0.050000011920928955 0.047500014305114746
0 0.4424999952316284 0.8474999666213989 0.19500002264976501 0.29500001668930054
0 0.5600000023841858 0.8212499618530273 0.11000001430511475 0.3525000214576721
0 0.48124998807907104 0.6512500047683716 0.04749998450279236 0.14750003814697266
0 0.5225000381469727 0.59375 0.04000002145767212 0.09749996662139893
0 0.6962500214576721 0.6737499833106995 0.06749999523162842 0.2124999761581421
9 0.7374999523162842 0.6712499856948853 0.06499999761581421 0.10750001668930054
9 0.7787500023841858 0.5837500095367432 0.04250001907348633 0.05750000476837158
9 0.8362500071525574 0.5737500190734863 0.047500014305114746 0.052500009536743164
9 0.5674999952316284 0.5974999666213989 0.04499995708465576 0.06499999761581421
