0 0.9424999952316284 0.8400000333786011 0.11000001430511475 0.3149999976158142
0 0.8025000095367432 0.7362499833106995 0.1899999976158142 0.29250001907348633
0 0.5562499761581421 0.65625 0.052500009536743164 0.1875
0 0.6225000023841858 0.6512500047683716 0.0700000524520874 0.16750001907348633
0 0.7112500071525574 0.6899999976158142 0.06749999523162842 0.21000003814697266
0 0.4350000023841858 0.5950000286102295 0.050000011920928955 0.125
0 0.3987500071525574 0.5462499856948853 0.032499998807907104 0.07749998569488525
0 0.4462500214576721 0.5212500095367432 0.02250000834465027 0.052500009536743164
2 0.35624998807907104 0.5 0.08250001072883606 0.054999977350234985
0 0.2837499976158142 0.5287500023841858 0.02249997854232788 0.06749999523162842
0 0.07375000417232513 0.5175000429153442 0.017500005662441254 0.04500001668930054
0 0.1287499964237213 0.5162500143051147 0.017500005662441254 0.05750000476837158
