1 0.9445078372955322 0.8076666593551636 0.11098438501358032 0.09287500381469727
1 0.8830312490463257 0.7992708086967468 0.07121872901916504 0.08137500286102295
1 0.8455937504768372 0.7895208597183228 0.0726250410079956 0.07374995946884155
1 0.6589609384536743 0.7680937647819519 0.06548440456390381 0.07243752479553223
2 0.8001874685287476 0.7694582939147949 0.09165626764297485 0.09237498044967651
1 0.5261562466621399 0.8058124780654907 0.05543753504753113 0.08004170656204224
1 0.7460781335830688 0.761218786239624 0.020687460899353027 0.039104163646698
0 0.36503124237060547 0.8345416784286499 0.05396875739097595 0.19895833730697632
0 0.559640645980835 0.8290520906448364 0.04634374380111694 0.15439581871032715
0 0.6158828139305115 0.8256250023841858 0.0201718807220459 0.14816665649414062
0 0.32132813334465027 0.8261666297912598 0.03484374284744263 0.14766663312911987
0 0.28483593463897705 0.8319166898727417 0.039765626192092896 0.12870830297470093
0 0.5575859546661377 0.765666663646698 0.0291406512260437 0.05937504768371582
0 0.8900937438011169 0.7423853874206543 0.01887500286102295 0.03677088022232056
0 0.43070313334465027 0.7847083210945129 0.02418750524520874 0.10237503051757812
10 0.6338046789169312 0.7400416731834412 0.05392187833786011 0.07370829582214355
10 0.7117733955383301 0.8043333292007446 0.10842186212539673 0.10449999570846558
0 0.2992187440395355 0.8291666507720947 0.0234375 0.13749998807907104
0 0.34453123807907104 0.8239583373069763 0.0234375 0.14791667461395264
0 0.4046874940395355 0.7875000238418579 0.028124988079071045 0.11250001192092896
