1 0.19324219226837158 0.37327083945274353 0.11976563930511475 0.13262498378753662
1 0.2523437440395355 0.34375 0.060937508940696716 0.09583336114883423
2 0.6383281350135803 0.4932395815849304 0.4829062521457672 0.6031458377838135
0 0.9098671674728394 0.33283334970474243 0.0369531512260437 0.1264999806880951
0 0.13200780749320984 0.3385624885559082 0.016484372317790985 0.08149999380111694
0 0.018796876072883606 0.3543333411216736 0.013062500394880772 0.0677083432674408
0 0.02421874925494194 0.4713645875453949 0.04843749850988388 0.11356252431869507
3 0.08749999850988388 0.2864583432674408 0.11874999105930328 0.16041667759418488
3 0.3984375 0.26354166865348816 0.23749998211860657 0.31041663885116577
1 0.3882812559604645 0.3854166865348816 0.1328125 0.1458333432674408
