1 0.8447083234786987 0.7647031545639038 0.11158335208892822 0.04756253957748413
1 0.7186458110809326 0.7672812342643738 0.06300002336502075 0.04778122901916504
0 0.3839583396911621 0.8652187585830688 0.07562500238418579 0.26371872425079346
0 0.24840624630451202 0.8731405735015869 0.12106248736381531 0.24968749284744263
10 0.7402812242507935 0.7285624742507935 0.17227083444595337 0.10187500715255737
10 0.6287187337875366 0.7222656011581421 0.051104187965393066 0.0442812442779541
0 0.07894791662693024 0.872726559638977 0.12706249952316284 0.2545468807220459
5 0.2880937457084656 0.7616640329360962 0.043895840644836426 0.050265610218048096
0 0.02577083371579647 0.8348125219345093 0.05154166743159294 0.2032812237739563
0 0.37590622901916504 0.761789083480835 0.033854156732559204 0.04460936784744263
5 0.1614583283662796 0.7843749523162842 0.08958332985639572 0.10624998807907104
5 0.5447916984558105 0.76953125 0.03958338499069214 0.07968747615814209
5 0.6114583015441895 0.79296875 0.056250035762786865 0.1265624761581421
5 0.6729166507720947 0.803906261920929 0.10000002384185791 0.1796875
5 0.9645833373069763 0.8304687738418579 0.07083332538604736 0.18593746423721313
