0 0.05624999850988388 0.5812499523162842 0.057500001043081284 0.11250001192092896
0 0.32375001907348633 0.5387499928474426 0.01750001311302185 0.052500009536743164
1 0.48750001192092896 0.5750000476837158 0.09000003337860107 0.07499998807907104
0 0.6299999952316284 0.6050000190734863 0.05500000715255737 0.12999999523162842
0 0.7237499952316284 0.7062499523162842 0.08249998092651367 0.2524999976158142
8 0.6662499904632568 0.5824999809265137 0.03750002384185791 0.11500000953674316
8 0.6899999976158142 0.5987499952316284 0.04999995231628418 0.12250000238418579
8 0.7562500238418579 0.5887500047683716 0.04249995946884155 0.12250000238418579
8 0.78125 0.5974999666213989 0.03250002861022949 0.1350000500679016
0 0.5512499809265137 0.5299999713897705 0.007499992847442627 0.04500001668930054
1 0.48624998331069946 0.5249999761581421 0.052499979734420776 0.020000040531158447
