1 0.607351541519165 0.7251647114753723 0.17310935258865356 0.2966352701187134
1 0.11474218964576721 0.6261411905288696 0.21632811427116394 0.17736470699310303
1 0.4412499964237213 0.5347647070884705 0.13881248235702515 0.0831294059753418
1 0.5197343826293945 0.575458824634552 0.121156245470047 0.13063526153564453
1 0.41993749141693115 0.44721177220344543 0.035312503576278687 0.019835293292999268
1 0.09700781852006912 0.492000013589859 0.1152031272649765 0.05378824472427368
1 0.3432265520095825 0.62852942943573 0.28651562333106995 0.22920000553131104
1 0.22981250286102295 0.4590352773666382 0.06290626525878906 0.04964706301689148
1 0.40025782585144043 0.4719294309616089 0.0461406409740448 0.04630586504936218
0 0.7929531335830688 0.7721999883651733 0.054562509059906006 0.19367057085037231
0 0.7392265796661377 0.738776445388794 0.04417186975479126 0.19063526391983032
0 0.8783828020095825 0.7975764274597168 0.06426560878753662 0.2279999852180481
0 0.8282109498977661 0.7202353477478027 0.044765591621398926 0.19999998807907104
0 0.7635781764984131 0.6413176655769348 0.041999995708465576 0.1581176519393921
0 0.783984363079071 0.6372352838516235 0.037718772888183594 0.16341173648834229
0 0.3688437342643738 0.4677058756351471 0.016500025987625122 0.059694111347198486
0 0.7470312118530273 0.5898470878601074 0.03421872854232788 0.10675293207168579
1 0.06794530898332596 0.5560588240623474 0.13589061796665192 0.10270583629608154
0 0.8016562461853027 0.6027647256851196 0.02012503147125244 0.1212470531463623
1 0.33924219012260437 0.4318470358848572 0.028421878814697266 0.0280705988407135
1 0.3004531264305115 0.4567411541938782 0.06309375166893005 0.06595292687416077
1 0.4703359305858612 0.46512943506240845 0.038078129291534424 0.038447052240371704
0 0.8765624761581421 0.6176470518112183 0.043749988079071045 0.1105881929397583
0 0.699999988079071 0.5882352590560913 0.046875 0.1129412055015564
0 0.971875011920929 0.6552941203117371 0.05312502384185791 0.1576470136642456
