5 0.7965234518051147 0.46069085597991943 0.08323436975479126 0.1679859161376953
5 0.7555625438690186 0.4205503463745117 0.06715625524520874 0.14203745126724243
9 0.044921875 0.5016276240348816 0.08515624701976776 0.25201404094696045
0 0.8921562433242798 0.39436766505241394 0.05524998903274536 0.2502341866493225
1 0.977218747138977 0.3554098308086395 0.04243755340576172 0.04435598850250244
9 0.15852344036102295 0.4673302173614502 0.1726406216621399 0.28416863083839417
0 0.9421015977859497 0.36981266736984253 0.031109392642974854 0.1210772693157196
9 0.8351874947547913 0.36189696192741394 0.021625041961669922 0.03166276216506958
9 0.8157656192779541 0.36507025361061096 0.022500038146972656 0.023395776748657227
5 0.9740625023841858 0.43647539615631104 0.05053126811981201 0.10967212915420532
