1 0.3455156087875366 0.4003629982471466 0.22312501072883606 0.4464871287345886
0 0.46328121423721313 0.5123653411865234 0.28187498450279236 0.9078688621520996
0 0.19000782072544098 0.5988173484802246 0.20426562428474426 0.7793208360671997
0 0.1369609385728836 0.24210771918296814 0.052953124046325684 0.1426229327917099
0 0.6195937395095825 0.37440282106399536 0.11021876335144043 0.5925995111465454
8 0.8501015901565552 0.23033958673477173 0.05698436498641968 0.24943794310092926
0 0.7602187395095825 0.21460187435150146 0.030562520027160645 0.12325526773929596
8 0.7880312204360962 0.20970726013183594 0.0271875262260437 0.15669788420200348
0 0.06221875175833702 0.5842739939689636 0.12443750351667404 0.7505620718002319
8 0.8138905763626099 0.21514052152633667 0.028718769550323486 0.16138173639774323
0 0.7124062776565552 0.21642856299877167 0.028250038623809814 0.10822013020515442
0 0.9199140667915344 0.23101873695850372 0.06929683685302734 0.2337002456188202
0 0.6671406030654907 0.22022247314453125 0.012937486171722412 0.10302107036113739
