0 0.2611718773841858 0.5143333077430725 0.20609374344348907 0.42391666769981384
0 0.5301094055175781 0.573145866394043 0.1667812466621399 0.4507083296775818
5 0.8385312557220459 0.41488540172576904 0.03299999237060547 0.08660414814949036
5 0.06385937333106995 0.45891666412353516 0.062031250447034836 0.13045835494995117
5 0.8141562938690186 0.4191770851612091 0.025718748569488525 0.07660418748855591
5 0.7177500128746033 0.4259583353996277 0.02428126335144043 0.06308335065841675
0 0.023640625178813934 0.45371875166893005 0.04728125035762787 0.32764583826065063
0 0.4565468728542328 0.5417083501815796 0.08496874570846558 0.2917499840259552
0 0.9779453277587891 0.40012499690055847 0.029265642166137695 0.11620831489562988
5 0.7493046522140503 0.41992706060409546 0.03635936975479126 0.07568749785423279
5 0.08120312541723251 0.4727500081062317 0.01771874725818634 0.09941664338111877
5 0.5077031254768372 0.3843229115009308 0.03203126788139343 0.10218751430511475
1 0.6050234436988831 0.39125001430511475 0.10067188739776611 0.08666667342185974
5 0.34375 0.5958333015441895 0.22812499105930328 0.23333331942558289
1 0.14140625298023224 0.3854166865348816 0.04531250149011612 0.041666656732559204
0 0.4859375059604645 0.39270833134651184 0.018750011920928955 0.08125001192092896
1 0.7687499523162842 0.3895833492279053 0.034375011920928955 0.041666656732559204
