0 0.07124999910593033 0.8037500381469727 0.13750000298023224 0.3525000214576721
0 0.17375001311302185 0.7024999856948853 0.07750000059604645 0.24500000476837158
0 0.2750000059604645 0.706250011920929 0.06499999761581421 0.20249998569488525
0 0.23999999463558197 0.6237499713897705 0.03999999165534973 0.09250003099441528
0 0.07750000059604645 0.6349999904632568 0.06999999284744263 0.10000002384185791
0 0.20624999701976776 0.6000000238418579 0.027500003576278687 0.05500000715255737
0 0.4762499928474426 0.6637499928474426 0.04249998927116394 0.17750000953674316
0 0.5275000333786011 0.637499988079071 0.050000011920928955 0.12000000476837158
0 0.5600000023841858 0.6124999523162842 0.029999971389770508 0.08499997854232788
2 0.42375001311302185 0.5512499809265137 0.1274999976158142 0.0625
0 0.6037499904632568 0.6012499928474426 0.022500038146972656 0.08749997615814209
4 0.7300000190734863 0.5874999761581421 0.050000011920928955 0.0899999737739563
0 0.7987499833106995 0.6274999976158142 0.04250001907348633 0.125
10 0.6825000047683716 0.5299999713897705 0.08500003814697266 0.06000000238418579
1 0.9487500190734863 0.5724999904632568 0.08750003576278687 0.050000011920928955
1 0.84375 0.5349999666213989 0.03750002384185791 0.030000030994415283
