9 0.16249999403953552 0.7612500190734863 0.13500000536441803 0.15749996900558472
9 0.2837499976158142 0.8162499666213989 0.10750000178813934 0.16749995946884155
9 0.24375000596046448 0.6637499928474426 0.052500009536743164 0.09749996662139893
9 0.32499998807907104 0.6225000023841858 0.06000000238418579 0.0549999475479126
9 0.3687499761581421 0.71875 0.08250001072883606 0.18250000476837158
0 0.5037499666213989 0.7574999928474426 0.1274999976158142 0.26499998569488525
0 0.6200000047683716 0.5587500333786011 0.029999971389770508 0.09250003099441528
0 0.7537499666213989 0.5625 0.07250005006790161 0.10000002384185791
0 0.5562499761581421 0.6675000190734863 0.05750000476837158 0.19999998807907104
0 0.5037499666213989 0.5987499952316284 0.052499979734420776 0.07249999046325684
0 0.6625000238418579 0.5425000190734863 0.04500001668930054 0.06499999761581421
0 0.6987500190734863 0.5449999570846558 0.0274999737739563 0.06499999761581421
0 0.5800000429153442 0.5987499952316284 0.04000002145767212 0.11750000715255737
