1 0.11860937625169754 0.7196518182754517 0.13471876084804535 0.17640668153762817
1 0.6987031102180481 0.6540807485580444 0.03318750858306885 0.04359334707260132
3 0.35546875 0.6185376048088074 0.34287500381469727 0.34604454040527344
3 0.5491562485694885 0.6170891523361206 0.04259371757507324 0.08448469638824463
0 0.8701484203338623 0.6676880121231079 0.018359363079071045 0.11047351360321045
0 0.860101580619812 0.693091869354248 0.01442188024520874 0.06183844804763794
8 0.7968202829360962 0.6547075510025024 0.020328104496002197 0.07972139120101929
8 0.7831406593322754 0.6535933017730713 0.010281264781951904 0.07905292510986328
1 0.6113749742507935 0.6185097694396973 0.01237499713897705 0.016573846340179443
0 0.8445859551429749 0.6866295337677002 0.010859370231628418 0.06846797466278076
1 0.6538125276565552 0.63548743724823 0.025312483310699463 0.025960981845855713
0 0.07578124850988388 0.6462395191192627 0.0546875 0.15041786432266235
