9 0.6887500286102295 0.6924999952316284 0.0675000548362732 0.14499998092651367
9 0.7775000333786011 0.6587499976158142 0.06000000238418579 0.05750000476837158
9 0.8387500047683716 0.6662499904632568 0.0625 0.07749998569488525
9 0.9037500023841858 0.6762499809265137 0.0625 0.06749999523162842
9 0.9737499952316284 0.6799999475479126 0.047500014305114746 0.06999999284744263
0 0.08500000089406967 0.5375000238418579 0.030000001192092896 0.06000000238418579
0 0.032499998807907104 0.5325000286102295 0.029999999329447746 0.06000000238418579
4 0.35499998927116394 0.7512500286102295 0.3100000023841858 0.21250003576278687
5 0.5450000166893005 0.8524999618530273 0.13500002026557922 0.29500001668930054
5 0.6887500286102295 0.8700000047683716 0.14749997854232788 0.2549999952316284
