2 0.846737802028656 0.5886499881744385 0.21941053867340088 0.23362001776695251
2 0.6865447163581848 0.5962100028991699 0.07235777378082275 0.11909997463226318
9 0.6070223450660706 0.7722500562667847 0.26827237010002136 0.34450000524520874
0 0.6744918823242188 0.6126799583435059 0.04890245199203491 0.11239999532699585
9 0.42718493938446045 0.6696699857711792 0.1508333384990692 0.1561800241470337
0 0.6138109564781189 0.6296700239181519 0.061768293380737305 0.1848199963569641
0 0.7321951389312744 0.6215800046920776 0.05727642774581909 0.16104000806808472
9 0.4208028316497803 0.6246199607849121 0.04457315802574158 0.07023996114730835
0 0.4181402325630188 0.5758000016212463 0.03140243887901306 0.029199957847595215
9 0.4652235805988312 0.6285300254821777 0.06337398290634155 0.050819993019104004
9 0.4220629930496216 0.6292499899864197 0.08522358536720276 0.07993996143341064
0 0.5636178851127625 0.5840499997138977 0.04861783981323242 0.07177996635437012
0 0.4478658437728882 0.58378005027771 0.02044716477394104 0.023479998111724854
0 0.4664939045906067 0.5921000242233276 0.01945120096206665 0.04671996831893921
0 0.4831605553627014 0.6085100173950195 0.019735783338546753 0.059620022773742676
