5 0.7400000095367432 0.9037500023841858 0.10000002384185791 0.1875
5 0.8999999761581421 0.8812500238418579 0.19999998807907104 0.23250001668930054
0 0.6437499523162842 0.7549999952316284 0.12250000238418579 0.3050000071525574
0 0.4087499976158142 0.6175000071525574 0.04250001907348633 0.125
0 0.023750001564621925 0.6862499713897705 0.042500000447034836 0.17249995470046997
4 0.2512499988079071 0.5499999523162842 0.0625 0.04000002145767212
0 0.17500001192092896 0.5537499785423279 0.019999995827674866 0.052500009536743164
0 0.1525000035762787 0.5537499785423279 0.019999995827674866 0.052500009536743164
0 0.0949999988079071 0.5562499761581421 0.02499999850988388 0.04749995470046997
1 0.3774999976158142 0.5362499952316284 0.04500001668930054 0.03750002384185791
1 0.2724999785423279 0.5399999618530273 0.025000005960464478 0.030000030994415283
