1 0.12120312452316284 0.39892086386680603 0.22559374570846558 0.15697842836380005
4 0.2701406180858612 0.5921342968940735 0.25331252813339233 0.46067145466804504
4 0.5244296789169312 0.5480815172195435 0.17145311832427979 0.2943885028362274
0 0.9292421936988831 0.4185611605644226 0.051015615463256836 0.15659472346305847
0 0.8614296913146973 0.4192326068878174 0.022734403610229492 0.1388009488582611
0 0.8374921679496765 0.3935251832008362 0.013453125953674316 0.08906474709510803
0 0.8277031183242798 0.3953956961631775 0.013968706130981445 0.08268585801124573
0 0.8007187843322754 0.39652279019355774 0.011906206607818604 0.08988010883331299
10 0.3469609320163727 0.30732613801956177 0.2389531135559082 0.25513190031051636
10 0.5628125071525574 0.3185851275920868 0.17071878910064697 0.1813429445028305
1 0.5979999899864197 0.4425659477710724 0.20396873354911804 0.23875302076339722
10 0.7693515419960022 0.363117516040802 0.026921868324279785 0.145467609167099
0 0.8856093883514404 0.420107901096344 0.036687493324279785 0.15321341156959534
2 0.9015703201293945 0.3450479507446289 0.03295314311981201 0.02059951424598694
