1 0.5742578506469727 0.6123592853546143 0.0421718955039978 0.13259738683700562
7 0.08332812786102295 0.5383766293525696 0.16353124380111694 0.569523811340332
0 0.3897968530654907 0.5501623153686523 0.09834375977516174 0.43214282393455505
0 0.4980156421661377 0.5168290138244629 0.12978127598762512 0.49880948662757874
7 0.7096562385559082 0.5385173559188843 0.5556563138961792 0.7974242568016052
7 0.6248437166213989 0.8038960695266724 0.16975003480911255 0.040303051471710205
7 0.24378123879432678 0.5232034921646118 0.16881249845027924 0.621558427810669
1 0.8486250042915344 0.5506926774978638 0.11943745613098145 0.23142856359481812
1 0.6460937261581421 0.5584415197372437 0.1328125 0.2770562767982483
7 0.31640625 0.5735930800437927 0.0859375 0.48051944375038147
7 0.01640624925494194 0.7911255359649658 0.03281249850988388 0.09307360649108887
