0 0.40625 0.7112500071525574 0.06749999523162842 0.23249995708465576
0 0.4749999940395355 0.7074999809265137 0.06499999761581421 0.20999997854232788
0 0.6825000047683716 0.6299999952316284 0.06499999761581421 0.13499999046325684
0 0.36124998331069946 0.6037499904632568 0.04749998450279236 0.13749998807907104
0 0.30250000953674316 0.5862499475479126 0.03999999165534973 0.11250001192092896
5 0.14499999582767487 0.6887500286102295 0.1249999925494194 0.10750001668930054
4 0.0612499974668026 0.6625000238418579 0.11749999970197678 0.15500003099441528
0 0.8462499976158142 0.5962499976158142 0.04250001907348633 0.09749996662139893
7 0.8987500071525574 0.6050000190734863 0.047500014305114746 0.11000001430511475
0 0.7712500095367432 0.5575000047683716 0.017499983310699463 0.05500000715255737
0 0.9837499856948853 0.5737500190734863 0.0274999737739563 0.07749998569488525
