1 0.8700078129768372 0.5444062352180481 0.2559218406677246 0.22235414385795593
4 0.6636718511581421 0.5848541259765625 0.09178125858306885 0.17612498998641968
4 0.2570234537124634 0.6098229289054871 0.13645312190055847 0.2330208122730255
4 0.5562499761581421 0.5869166851043701 0.15312498807907104 0.21783334016799927
0 0.03479687497019768 0.5875520706176758 0.06959374994039536 0.37456250190734863
0 0.11896093934774399 0.5597708225250244 0.1437968760728836 0.28170832991600037
0 0.3899609446525574 0.5612708330154419 0.10939061641693115 0.3187916576862335
0 0.7283046841621399 0.5426770448684692 0.08439064025878906 0.28172916173934937
0 0.5304921865463257 0.4898958206176758 0.03348433971405029 0.14229166507720947
0 0.6057968735694885 0.48483332991600037 0.050156235694885254 0.12066668272018433
0 0.4876093864440918 0.4352395832538605 0.015875011682510376 0.0364375114440918
0 0.20496094226837158 0.4363750219345093 0.02214062213897705 0.0454583466053009
5 0.08351562172174454 0.6710729598999023 0.1340312510728836 0.20327085256576538
4 0.6085937023162842 0.5946770906448364 0.06718748807907104 0.18152081966400146
0 0.5681250095367432 0.4493750035762787 0.04009377956390381 0.08629167079925537
4 0.31532812118530273 0.6243541836738586 0.08293747901916504 0.17258334159851074
0 0.18552343547344208 0.5439791679382324 0.036140620708465576 0.2224583625793457
0 0.06953124701976776 0.543749988079071 0.05781250447034836 0.2666666507720947
0 0.04453124850988388 0.4333333373069763 0.0390625 0.05416667461395264
0 0.23515625298023224 0.5072916746139526 0.06406250596046448 0.18958333134651184
0 0.21953123807907104 0.4468750059604645 0.03593750298023224 0.08125001192092896
0 0.3960937559604645 0.4385416507720947 0.020312488079071045 0.03541669249534607
0 0.4320312440395355 0.46666663885116577 0.0546875 0.09166666865348816
0 0.44453126192092896 0.4322916865348816 0.0234375 0.052083343267440796
0 0.45703125 0.44062501192092896 0.0234375 0.06041666865348816
0 0.48046875 0.4645833373069763 0.04531252384185791 0.09583333134651184
0 0.657031238079071 0.4781250059604645 0.06093752384185791 0.12708336114883423
0 0.6820312738418579 0.44479167461395264 0.0234375 0.052083343267440796
0 0.688281238079071 0.43437498807907104 0.01718747615814209 0.04375001788139343
0 0.7093750238418579 0.4312499761581421 0.009375035762786865 0.025000005960464478
0 0.753125011920929 0.42500001192092896 0.02499997615814209 0.05416664481163025
0 0.7953125238418579 0.4333333373069763 0.012499988079071045 0.020833313465118408
0 0.809374988079071 0.4270833134651184 0.02499997615814209 0.03333333134651184
0 0.8304687738418579 0.4260416626930237 0.017187535762786865 0.022916674613952637
0 0.8578125238418579 0.42500001192092896 0.018750011920928955 0.016666680574417114
0 0.8460937738418579 0.42500001192092896 0.014062464237213135 0.020833343267440796
0 0.8765624761581421 0.4270833134651184 0.018750011920928955 0.016666680574417114
0 0.8968750238418579 0.4229166507720947 0.025000035762786865 0.020833343267440796
0 0.9609375 0.4322916567325592 0.02187502384185791 0.02708333730697632
0 0.10312500596046448 0.5614583492279053 0.03750000149011612 0.13958334922790527
0 0.02500000037252903 0.421875 0.02500000223517418 0.05208331346511841
