2 0.3707968592643738 0.9139084815979004 0.17090627551078796 0.10950702428817749
1 0.6320312023162842 0.9339436292648315 0.028062522411346436 0.05107980966567993
0 0.0546875 0.6103286743164062 0.10625000298023224 0.2957746386528015
0 0.10390625149011612 0.5373708605766296 0.14531250298023224 0.22497650980949402
0 0.20546874403953552 0.51438969373703 0.12031249701976776 0.14615026116371155
0 0.4867187440395355 0.5049765110015869 0.057812511920928955 0.0897652804851532
0 0.43828123807907104 0.5114789009094238 0.0703125 0.08399063348770142
0 0.5290781259536743 0.5186619758605957 0.018906235694885254 0.04793429374694824
0 0.4120546877384186 0.4715258479118347 0.04129689931869507 0.029436618089675903
0 0.629687488079071 0.5446009635925293 0.0625 0.1220657229423523
0 0.5202734470367432 0.5184389352798462 0.028921842575073242 0.0536385178565979
0 0.7852500081062317 0.5255164504051208 0.02565622329711914 0.03286385536193848
2 0.8215312957763672 0.9392136335372925 0.22881251573562622 0.1121830940246582
0 0.40234375 0.5281690359115601 0.04843747615814209 0.14084509015083313
0 0.6942578554153442 0.5330164432525635 0.01292186975479126 0.013826310634613037
0 0.5499999523162842 0.5187793374061584 0.06562501192092896 0.09859156608581543
0 0.67578125 0.5598591566085815 0.05156254768371582 0.1291079819202423
0 0.9710937738418579 0.5305163860321045 0.017187535762786865 0.018779337406158447
0 0.7015625238418579 0.5176056027412415 0.028124988079071045 0.04460093379020691
0 0.7593749761581421 0.5269953012466431 0.037499964237213135 0.035211265087127686
0 0.8726562261581421 0.5269953012466431 0.035937488079071045 0.03990614414215088
0 0.910937488079071 0.5246478915214539 0.03125 0.021126747131347656
0 0.979687511920929 0.5199530124664307 0.02499997615814209 0.011737048625946045
