0 0.5183437466621399 0.5217840671539307 0.02109372615814209 0.0798591673374176
0 0.5317343473434448 0.5229694843292236 0.009749948978424072 0.06664320826530457
0 0.4601171612739563 0.5128403902053833 0.009921878576278687 0.04596245288848877
1 0.07671874761581421 0.6164671182632446 0.15203124284744263 0.2409624457359314
1 0.1579609364271164 0.5425938963890076 0.08510937541723251 0.07105636596679688
1 0.350710928440094 0.5217722654342651 0.041265636682510376 0.048896729946136475
1 0.38279688358306885 0.513368546962738 0.022749990224838257 0.02847421169281006
1 0.29285937547683716 0.5071948766708374 0.027687489986419678 0.011056363582611084
1 0.4237343668937683 0.5027347803115845 0.016062498092651367 0.018521130084991455
1 0.2376406341791153 0.5287559032440186 0.04734376072883606 0.04549294710159302
1 0.28843748569488525 0.5434976816177368 0.07053124904632568 0.07084506750106812
1 0.30494529008865356 0.5022886991500854 0.01729688048362732 0.022183120250701904
1 0.3341562747955322 0.5115610361099243 0.013843744993209839 0.03316903114318848
9 0.4805234372615814 0.5168192386627197 0.017078101634979248 0.03307509422302246
1 0.3765624761581421 0.5058685541152954 0.021874994039535522 0.025821596384048462
0 0.4007812440395355 0.512910783290863 0.020312488079071045 0.021126747131347656
1 0.4124999940395355 0.5117371082305908 0.015625 0.018779337406158447
1 0.39453125 0.5 0.01718747615814209 0.014084488153457642
1 0.41093748807907104 0.4976525902748108 0.015625 0.009389668703079224
1 0.4320312738418579 0.498826265335083 0.017187505960464478 0.01643189787864685
2 0.38671875 0.4882628917694092 0.01406252384185791 0.009389668703079224
10 0.4046874940395355 0.4882628917694092 0.015625 0.014084488153457642
1 0.65234375 0.5164319276809692 0.02968752384185791 0.02347421646118164
1 0.640625 0.5117371082305908 0.03437495231628418 0.03755870461463928
1 0.621874988079071 0.5105633735656738 0.04062497615814209 0.025821566581726074
1 0.608593761920929 0.5105633735656738 0.02968752384185791 0.021126747131347656
1 0.629687488079071 0.4976525902748108 0.02499997615814209 0.009389668703079224
1 0.7515624761581421 0.498826265335083 0.025000035762786865 0.007042258977890015
1 0.8734375238418579 0.5211267471313477 0.046875 0.05633804202079773
1 0.9164062738418579 0.4941314458847046 0.0390625 0.007042258977890015
1 0.9632812738418579 0.4906103014945984 0.048437535762786865 0.009389668703079224
