3 0.4591484069824219 0.48190170526504517 0.5444843769073486 0.7802137136459351
0 0.9649844169616699 0.6082371473312378 0.04846876859664917 0.16861110925674438
0 0.8462265729904175 0.5767414569854736 0.01917189359664917 0.07758545875549316
0 0.13011719286441803 0.5955342054367065 0.060234375298023224 0.11235040426254272
0 0.06141406297683716 0.6104059815406799 0.0228281207382679 0.09662389755249023
0 0.04209375008940697 0.6058440208435059 0.02787499874830246 0.10814106464385986
0 0.9170390367507935 0.5742200613021851 0.029734373092651367 0.09228628873825073
0 0.013906249776482582 0.6039743423461914 0.027812499552965164 0.0961538553237915
0 0.9328437447547913 0.575993537902832 0.015406250953674316 0.07814103364944458
0 0.7616171836853027 0.5803204774856567 0.015015602111816406 0.07264953851699829
0 0.9904999732971191 0.5928846597671509 0.018999993801116943 0.12978631258010864
1 0.08196093142032623 0.6131837368011475 0.031015627086162567 0.049401700496673584
5 0.2029453068971634 0.6126068234443665 0.02760937809944153 0.05820512771606445
0 0.7437499761581421 0.5833333730697632 0.018750011920928955 0.07264953851699829
0 0.729687511920929 0.5811965465545654 0.015625 0.07264953851699829
0 0.1171875 0.5940170884132385 0.05312499403953552 0.10683763027191162
1 0.983593761920929 0.872863233089447 0.02968752384185791 0.14743590354919434
