7 0.5298750400543213 0.42090165615081787 0.032218754291534424 0.12170961499214172
0 0.5903124809265137 0.39344263076782227 0.036031246185302734 0.12646371126174927
0 0.9164453148841858 0.3574473261833191 0.031484365463256836 0.08538642525672913
0 0.7779921889305115 0.39386415481567383 0.022046923637390137 0.08519908785820007
0 0.5690312385559082 0.37925058603286743 0.015625 0.06430912017822266
1 0.8187733888626099 0.3396604061126709 0.021359384059906006 0.022318512201309204
1 0.7973593473434448 0.34386417269706726 0.023031294345855713 0.025573790073394775
0 0.850085973739624 0.3528220057487488 0.014890611171722412 0.04133489727973938
7 0.671875 0.5070257782936096 0.15312504768371582 0.42388761043548584
7 0.33984375 0.48594847321510315 0.3890625238418579 0.9672130942344666
7 0.12578125298023224 0.3758782148361206 0.12656250596046448 0.737704873085022
7 0.3578125238418579 0.5843091011047363 0.05625000596046448 0.06791573762893677
0 0.3734374940395355 0.3852459192276001 0.018750011920928955 0.08665105700492859
