0 0.22749999165534973 0.5987499952316284 0.05499999225139618 0.14250004291534424
0 0.44749999046325684 0.6287499666213989 0.03999999165534973 0.14249998331069946
0 0.6150000095367432 0.65625 0.05500000715255737 0.14750003814697266
0 0.8212500214576721 0.6349999904632568 0.0625 0.14499998092651367
0 0.956250011920929 0.6712499856948853 0.08249998092651367 0.17250001430511475
0 0.8537499904632568 0.6162500381469727 0.03750002384185791 0.13249999284744263
0 0.918749988079071 0.5800000429153442 0.04250001907348633 0.07499998807907104
1 0.8137500286102295 0.5537499785423279 0.10250002145767212 0.052500009536743164
0 0.7024999856948853 0.6050000190734863 0.050000011920928955 0.12000000476837158
0 0.04125000163912773 0.84375 0.08250000327825546 0.3075000047683716
0 0.5874999761581421 0.5737500190734863 0.025000035762786865 0.08249998092651367
