1 0.69140625 0.3753403127193451 0.044625043869018555 0.045445024967193604
1 0.8109062314033508 0.37361258268356323 0.03431248664855957 0.029947668313980103
0 0.5982109308242798 0.6134817004203796 0.17973434925079346 0.4000000059604645
9 0.8060625195503235 0.8117932081222534 0.13475000858306885 0.3320680856704712
7 0.4506797194480896 0.43286648392677307 0.1126718819141388 0.3803402781486511
9 0.8993203639984131 0.48057591915130615 0.026359379291534424 0.0470680296421051
9 0.34986719489097595 0.4280889928340912 0.020296871662139893 0.05905759334564209
9 0.9278437495231628 0.7451177835464478 0.08806252479553223 0.18133509159088135
0 0.20031249523162842 0.3911648988723755 0.012437507510185242 0.04997381567955017
5 0.48906248807907104 0.48757851123809814 0.02193748950958252 0.0504973828792572
0 0.5386406183242798 0.3885864019393921 0.012593746185302734 0.047329843044281006
9 0.9773437976837158 0.7212041616439819 0.042187511920928955 0.20157068967819214
0 0.29765623807907104 0.3900523781776428 0.014062494039535522 0.04712042212486267
0 0.29218751192092896 0.3900523781776428 0.0062499940395355225 0.04712042212486267
9 0.36250001192092896 0.43062829971313477 0.028125017881393433 0.060209423303604126
0 0.7718750238418579 0.3861256539821625 0.012499988079071045 0.04973822832107544
0 0.782031238079071 0.38743454217910767 0.0078125 0.05235603451728821
9 0.12031249701976776 0.5130890011787415 0.046875 0.16230368614196777
