5 0.2468593716621399 0.30473005771636963 0.07190625369548798 0.2543896734714508
5 0.7009375095367432 0.4495070278644562 0.3918750286102295 0.8756337761878967
5 0.5374687314033508 0.32823944091796875 0.12818750739097595 0.3059624433517456
5 0.17363281548023224 0.3306337893009186 0.06210938096046448 0.2260563224554062
5 0.0514218732714653 0.33431923389434814 0.06106249988079071 0.30319249629974365
5 0.8285077810287476 0.40235915780067444 0.0877031683921814 0.17410796880722046
5 0.07990624755620956 0.30686619877815247 0.014812499284744263 0.0751878023147583
5 0.13984374701976776 0.26643192768096924 0.014062494039535522 0.06807512044906616
5 0.40546876192092896 0.2875586748123169 0.04531249403953552 0.17136149108409882
5 0.6015625 0.24413146078586578 0.10625004768371582 0.16431924700737
