9 0.8975000381469727 0.5449999570846558 0.030000030994415283 0.04500001668930054
0 0.13124999403953552 0.6875 0.1224999949336052 0.28999996185302734
0 0.2162500023841858 0.6312500238418579 0.07750000059604645 0.2524999976158142
0 0.09875000268220901 0.5425000190734863 0.032499998807907104 0.05500000715255737
0 0.4424999952316284 0.5262500047683716 0.009999990463256836 0.047500014305114746
0 0.4662500023841858 0.5299999713897705 0.017499983310699463 0.05500000715255737
0 0.3162499964237213 0.5375000238418579 0.02249997854232788 0.05500000715255737
0 0.26374998688697815 0.5449999570846558 0.04749999940395355 0.07499998807907104
0 0.1237500011920929 0.5349999666213989 0.03750000149011612 0.06000000238418579
9 0.6025000214576721 0.53125 0.014999985694885254 0.022500038146972656
