0 0.01321093738079071 0.7006014585494995 0.02642187476158142 0.1564386487007141
0 0.14070311188697815 0.6392924785614014 0.016249999403953552 0.06523585319519043
0 0.8024922013282776 0.648466944694519 0.020796895027160645 0.07231134176254272
1 0.5100781321525574 0.6506249904632568 0.10981249809265137 0.06841981410980225
1 0.7200233936309814 0.7482075691223145 0.1309531331062317 0.12877357006072998
3 0.41035938262939453 0.595259428024292 0.05806249380111694 0.09146225452423096
0 0.7628984451293945 0.636450469493866 0.017921864986419678 0.04318392276763916
0 0.7240312695503235 0.6412028074264526 0.015593767166137695 0.05745285749435425
0 0.7016953229904175 0.6426297426223755 0.017734408378601074 0.030872642993927002
0 0.21558594703674316 0.6487500071525574 0.017765626311302185 0.09240567684173584
1 0.6871016025543213 0.7148938775062561 0.10298436880111694 0.09804248809814453
1 0.7978984117507935 0.8654009103775024 0.14073437452316284 0.2127358317375183
1 0.8683047294616699 0.7098702788352966 0.06389063596725464 0.10341978073120117
1 0.8389140367507935 0.7062028050422668 0.0828593373298645 0.10830187797546387
1 0.24030469357967377 0.6551886796951294 0.050078123807907104 0.07462263107299805
1 0.9007265567779541 0.8395165205001831 0.1985468864440918 0.3209669589996338
1 0.2636796832084656 0.6353773474693298 0.06120312213897705 0.08042454719543457
1 0.6663750410079956 0.6890448331832886 0.08003121614456177 0.08625000715255737
3 0.5182421803474426 0.5525707602500916 0.020796895027160645 0.0346226692199707
0 0.18128906190395355 0.6542924642562866 0.019296884536743164 0.08150941133499146
0 0.6208828091621399 0.6178301572799683 0.014703154563903809 0.03122645616531372
1 0.4749999940395355 0.7806603908538818 0.43437498807907104 0.1933962106704712
